account_number,account_holder,ifsc_code,Date,Time,Narration,Transaction_ID,Reference_Number,Transaction_Reference,Cheque_Number,Debit,Credit,Balance,Transaction_Type,Bank_Name,txn_id,duplicate_of,is_reversed
00000040552115380,RAVI KUMAR,SBIN0965900,01/01/2023,,BY TRANSFER-5516848346214 SALARY RAVI KUMAR 007204977039,,,5516848346214,,0.0,45500.0,159540.0,credit,State Bank of India,00000040552115380_000000,,False
00000040552115380,RAVI KUMAR,SBIN0965900,01/01/2023,,TO TRANSFER-UPI/968566003267/rohitsharm479@ybl 968566003267,,,968566003267,,120.0,0.0,159420.0,debit,State Bank of India,00000040552115380_000001,,False
00000040552115380,RAVI KUMAR,SBIN0965900,01/01/2023,,ATM WDL/1482/MUMBAI 518103096404,,,518103096404,,79.0,0.0,159341.0,debit,State Bank of India,00000040552115380_000002,,False
00000040552115380,RAVI KUMAR,SBIN0965900,02/01/2023,,TO CLEARING-CIT RELIANCE FRESH 533820 318091281964,,,318091281964,,449.0,0.0,158892.0,debit,State Bank of India,00000040552115380_000003,,False
00000040552115380,RAVI KUMAR,SBIN0965900,02/01/2023,,TO TRANSFER-UPI/979360320894/smitharao172@okaxis 979360320894,,,979360320894,,449.0,0.0,158443.0,debit,State Bank of India,00000040552115380_000004,,False
00000040552115380,RAVI KUMAR,SBIN0965900,03/01/2023,,POS/5680/PVR CINEMAS/MYSURU 120794493551,,,120794493551,,310.0,0.0,158133.0,debit,State Bank of India,00000040552115380_000005,,False
00000040552115380,RAVI KUMAR,SBIN0965900,03/01/2023,,TO TRANSFER-UPI/113585391838/vinaypatil659@paytm 113585391838,,,113585391838,,3499.0,0.0,154634.0,debit,State Bank of India,00000040552115380_000006,,False
00000040552115380,RAVI KUMAR,SBIN0965900,04/01/2023,,POS/5720/APOLLO PHARMACY/MYSURU 228969636992,,,228969636992,,1250.0,0.0,153384.0,debit,State Bank of India,00000040552115380_000007,,False
00000040552115380,RAVI KUMAR,SBIN0965900,04/01/2023,,TO TRANSFER-UPI/805424249839/gopalnaik48@okaxis 805424249839,,,805424249839,,49.0,0.0,153335.0,debit,State Bank of India,00000040552115380_000008,,False
00000040552115380,RAVI KUMAR,SBIN0965900,05/01/2023,,BY TRANSFER-INB IMPS379627923760/9224646520/XX1566/Remitly Tr- MAC7118404892,,,379627923760,,0.0,850.0,154185.0,credit,State Bank of India,00000040552115380_000009,,False
00000040552115380,RAVI KUMAR,SBIN0965900,05/01/2023,,BY TRANSFER-INB IMPS410492464835/3367740802/XX5637/Remitly Tr- MAC3014800475,,,410492464835,,0.0,24000.0,178185.0,credit,State Bank of India,00000040552115380_000010,,False
00000040552115380,RAVI KUMAR,SBIN0965900,05/01/2023,,BY TRANSFER-INB IMPS473702491168/4562429426/XX1458/Remitly Tr- MAC3209459816,,,473702491168,,0.0,11200.0,189385.0,credit,State Bank of India,00000040552115380_000011,,False
00000040552115380,RAVI KUMAR,SBIN0965900,06/01/2023,,ATM WDL/0854/HYDERABAD 822974424184,,,822974424184,,310.0,0.0,189075.0,debit,State Bank of India,00000040552115380_000012,,False
00000040552115380,RAVI KUMAR,SBIN0965900,07/01/2023,,NEFT DR-HDFC0208981-RAJESH VERMA-002188929407-RENT 650138720040,,,002188929407,,26500.0,0.0,162575.0,debit,State Bank of India,00000040552115380_000013,,False
00000040552115380,RAVI KUMAR,SBIN0965900,07/01/2023,,TO CLEARING-CIT DMART 220663 479567008912,,,479567008912,,79.0,0.0,162496.0,debit,State Bank of India,00000040552115380_000014,,False
00000040552115380,RAVI KUMAR,SBIN0965900,09/01/2023,,BY TRANSFER-INB IMPS441943281925/3159805349/XX0798/Remitly Tr- MAC9745813138,,,441943281925,,0.0,24000.0,186496.0,credit,State Bank of India,00000040552115380_000015,,False
00000040552115380,RAVI KUMAR,SBIN0965900,10/01/2023,,BY TRANSFER-INB IMPS261994213743/9913449692/XX5769/Remitly Tr- MAC2062552201,,,261994213743,,0.0,24000.0,210496.0,credit,State Bank of India,00000040552115380_000016,,False
00000040552115380,RAVI KUMAR,SBIN0965900,10/01/2023,,BY TRANSFER-INB IMPS260240686342/7892795655/XX5901/Remitly Tr- MAC3086426916,,,260240686342,,0.0,4800.0,215296.0,credit,State Bank of India,00000040552115380_000017,,False
00000040552115380,RAVI KUMAR,SBIN0965900,11/01/2023,,BY TRANSFER-INB IMPS080601992251/0630820555/XX2171/Remitly Tr- MAC2492846437,,,080601992251,,0.0,2500.0,217796.0,credit,State Bank of India,00000040552115380_000018,,False
00000040552115380,RAVI KUMAR,SBIN0965900,11/01/2023,,ATM WDL/2830/BTM LAYOUT 645823563603,,,645823563603,,3499.0,0.0,214297.0,debit,State Bank of India,00000040552115380_000019,,False
00000040552115380,RAVI KUMAR,SBIN0965900,11/01/2023,,BY TRANSFER-INB IMPS411553138583/7174332303/XX1941/Remitly Tr- MAC9238128582,,,411553138583,,0.0,1200.0,215497.0,credit,State Bank of India,00000040552115380_000020,,False
00000040552115380,RAVI KUMAR,SBIN0965900,11/01/2023,,ATM WDL/3663/PUNE 598309686621,,,598309686621,,2380.0,0.0,213117.0,debit,State Bank of India,00000040552115380_000021,,False
00000040552115380,RAVI KUMAR,SBIN0965900,12/01/2023,,POS/4344/RELIANCE FRESH/WHITEFIELD 909953507685,,,909953507685,,3499.0,0.0,209618.0,debit,State Bank of India,00000040552115380_000022,,False
00000040552115380,RAVI KUMAR,SBIN0965900,12/01/2023,,BY TRANSFER-INB IMPS596723353558/4777867939/XX6220/Remitly Tr- MAC4050397602,,,596723353558,,0.0,7500.0,217118.0,credit,State Bank of India,00000040552115380_000023,,False
00000040552115380,RAVI KUMAR,SBIN0965900,13/01/2023,,TO TRANSFER-UPI/717070365567/rahulsingh937@okhdfcbank 717070365567,,,717070365567,,49.0,0.0,217069.0,debit,State Bank of India,00000040552115380_000024,,False
00000040552115380,RAVI KUMAR,SBIN0965900,14/01/2023,,TO TRANSFER-UPI/742989906720/vikramnair569@oksbi 742989906720,,,742989906720,,310.0,0.0,216759.0,debit,State Bank of India,00000040552115380_000025,,False
00000040552115380,RAVI KUMAR,SBIN0965900,14/01/2023,,TO TRANSFER-UPI/250445608396/harishmeno871@paytm 250445608396,,,250445608396,,79.0,0.0,216680.0,debit,State Bank of India,00000040552115380_000026,,False
00000040552115380,RAVI KUMAR,SBIN0965900,14/01/2023,,TO TRANSFER-UPI/074963812687/kiranreddy986@okaxis 074963812687,,,074963812687,,1250.0,0.0,215430.0,debit,State Bank of India,00000040552115380_000027,,False
00000040552115380,RAVI KUMAR,SBIN0965900,15/01/2023,,TO TRANSFER-UPI/616824130777/naveenkuma92@okhdfcbank 616824130777,,,616824130777,,1680.0,0.0,213750.0,debit,State Bank of India,00000040552115380_000028,,False
00000040552115380,RAVI KUMAR,SBIN0965900,15/01/2023,,POS/4650/SWIGGY/BANJARA HILLS 964515537851,,,964515537851,,249.0,0.0,213501.0,debit,State Bank of India,00000040552115380_000029,,False
00000040552115380,RAVI KUMAR,SBIN0965900,15/01/2023,,BY TRANSFER-INB IMPS408254642854/2645389377/XX5876/Remitly Tr- MAC8134416294,,,408254642854,,0.0,2500.0,216001.0,credit,State Bank of India,00000040552115380_000030,,False
00000040552115380,RAVI KUMAR,SBIN0965900,16/01/2023,,POS/6995/RELIANCE FRESH/MARATHAHALLI 041506868768,,,041506868768,,5200.0,0.0,210801.0,debit,State Bank of India,00000040552115380_000031,,False
00000040552115380,RAVI KUMAR,SBIN0965900,16/01/2023,,TO CLEARING-CIT PVR CINEMAS 527929 541157488015,,,541157488015,,850.0,0.0,209951.0,debit,State Bank of India,00000040552115380_000032,,False
00000040552115380,RAVI KUMAR,SBIN0965900,16/01/2023,,TO CLEARING-CIT AIRTEL 694291 452542649398,,,452542649398,,999.0,0.0,208952.0,debit,State Bank of India,00000040552115380_000033,,False
00000040552115380,RAVI KUMAR,SBIN0965900,17/01/2023,,TO TRANSFER-UPI/255210533673/meerapilla847@oksbi 255210533673,,,255210533673,,120.0,0.0,208832.0,debit,State Bank of India,00000040552115380_000034,,False
00000040552115380,RAVI KUMAR,SBIN0965900,17/01/2023,,TO CLEARING-CIT PVR CINEMAS 103451 301744472991,,,301744472991,,699.0,0.0,208133.0,debit,State Bank of India,00000040552115380_000035,,False
00000040552115380,RAVI KUMAR,SBIN0965900,18/01/2023,,TO TRANSFER-UPI/584717610699/tarageorge543@ybl 584717610699,,,584717610699,,310.0,0.0,207823.0,debit,State Bank of India,00000040552115380_000036,,False
00000040552115380,RAVI KUMAR,SBIN0965900,19/01/2023,,TO CLEARING-CIT IRCTC 555803 080878757403,,,080878757403,,699.0,0.0,207124.0,debit,State Bank of India,00000040552115380_000037,,False
00000040552115380,RAVI KUMAR,SBIN0965900,21/01/2023,,BY TRANSFER-INB IMPS877969095216/5207959459/XX7723/Remitly Tr- MAC1331227600,,,877969095216,,0.0,850.0,207974.0,credit,State Bank of India,00000040552115380_000038,,False
00000040552115380,RAVI KUMAR,SBIN0965900,21/01/2023,,ATM WDL/9853/HSR LAYOUT 622218699180,,,622218699180,,3499.0,0.0,204475.0,debit,State Bank of India,00000040552115380_000039,,False
00000040552115380,RAVI KUMAR,SBIN0965900,22/01/2023,,BY TRANSFER-INB IMPS390050077379/8214501315/XX9921/Remitly Tr- MAC0236127308,,,390050077379,,0.0,2500.0,206975.0,credit,State Bank of India,00000040552115380_000040,,False
00000040552115380,RAVI KUMAR,SBIN0965900,24/01/2023,,ATM WDL/8432/HSR LAYOUT 207472788868,,,207472788868,,1250.0,0.0,205725.0,debit,State Bank of India,00000040552115380_000041,,False
00000040552115380,RAVI KUMAR,SBIN0965900,24/01/2023,,ATM WDL/2528/MUMBAI 408623911348,,,408623911348,,699.0,0.0,205026.0,debit,State Bank of India,00000040552115380_000042,,False
00000040552115380,RAVI KUMAR,SBIN0965900,24/01/2023,,POS/7559/ZOMATO/BANJARA HILLS 007665390042,,,007665390042,,1680.0,0.0,203346.0,debit,State Bank of India,00000040552115380_000043,,False
00000040552115380,RAVI KUMAR,SBIN0965900,24/01/2023,,BY TRANSFER-INB IMPS315494887501/2381941176/XX7489/Remitly Tr- MAC0479544519,,,315494887501,,0.0,24000.0,227346.0,credit,State Bank of India,00000040552115380_000044,,False
00000040552115380,RAVI KUMAR,SBIN0965900,26/01/2023,,BY TRANSFER-INB IMPS696647337439/5754403016/XX9688/Remitly Tr- MAC0060907088,,,696647337439,,0.0,18500.0,245846.0,credit,State Bank of India,00000040552115380_000045,,False
00000040552115380,RAVI KUMAR,SBIN0965900,27/01/2023,,POS/3130/APOLLO PHARMACY/HYDERABAD 870373929601,,,870373929601,,449.0,0.0,245397.0,debit,State Bank of India,00000040552115380_000046,,False
00000040552115380,RAVI KUMAR,SBIN0965900,27/01/2023,,TO CLEARING-CIT ZOMATO 313404 750352619457,,,750352619457,,49.0,0.0,245348.0,debit,State Bank of India,00000040552115380_000047,,False
00000040552115380,RAVI KUMAR,SBIN0965900,27/01/2023,,POS/0656/JIO/KUKATPALLY 430813044587,,,430813044587,,120.0,0.0,245228.0,debit,State Bank of India,00000040552115380_000048,,False
00000040552115380,RAVI KUMAR,SBIN0965900,28/01/2023,,BY TRANSFER-INB IMPS165584713185/4376969037/XX0741/Remitly Tr- MAC6799694164,,,165584713185,,0.0,24000.0,269228.0,credit,State Bank of India,00000040552115380_000049,,False
00000040552115380,RAVI KUMAR,SBIN0965900,28/01/2023,,POS/0541/PVR CINEMAS/INDIRANAGAR 876476758762,,,876476758762,,999.0,0.0,268229.0,debit,State Bank of India,00000040552115380_000050,,False
00000040552115380,RAVI KUMAR,SBIN0965900,29/01/2023,,BY TRANSFER-INB IMPS696089412272/5539781441/XX0967/Remitly Tr- MAC0505609002,,,696089412272,,0.0,500.0,268729.0,credit,State Bank of India,00000040552115380_000051,,False
00000040552115380,RAVI KUMAR,SBIN0965900,30/01/2023,,TO CLEARING-CIT BOOKMYSHOW 727799 580061305702,,,580061305702,,310.0,0.0,268419.0,debit,State Bank of India,00000040552115380_000052,,False
00000040552115380,RAVI KUMAR,SBIN0965900,01/02/2023,,TO CLEARING-CIT BPCL 676210 864665389286,,,864665389286,,999.0,0.0,267420.0,debit,State Bank of India,00000040552115380_000053,,False
00000040552115380,RAVI KUMAR,SBIN0965900,03/02/2023,,POS/2448/IOCL/SECUNDERABAD 935918921314,,,935918921314,,1680.0,0.0,265740.0,debit,State Bank of India,00000040552115380_000054,,False
00000040552115380,RAVI KUMAR,SBIN0965900,03/02/2023,,BY TRANSFER-3846541307611 SALARY RAVI KUMAR 353799029543,,,3846541307611,,0.0,45000.0,310740.0,credit,State Bank of India,00000040552115380_000055,,False
00000040552115380,RAVI KUMAR,SBIN0965900,03/02/2023,,POS/1880/DMART/INDIRANAGAR 842685152677,,,842685152677,,999.0,0.0,309741.0,debit,State Bank of India,00000040552115380_000056,,False
00000040552115380,RAVI KUMAR,SBIN0965900,03/02/2023,,TO CLEARING-CIT APOLLO PHARMACY 390606 780241423598,,,780241423598,,999.0,0.0,308742.0,debit,State Bank of India,00000040552115380_000057,,False
00000040552115380,RAVI KUMAR,SBIN0965900,03/02/2023,,TO CLEARING-CIT BOOKMYSHOW 677221 619152363777,,,619152363777,,249.0,0.0,308493.0,debit,State Bank of India,00000040552115380_000058,,False
00000040552115380,RAVI KUMAR,SBIN0965900,04/02/2023,,ATM WDL/1018/MARATHAHALLI 112442447145,,,112442447145,,850.0,0.0,307643.0,debit,State Bank of India,00000040552115380_000059,,False
00000040552115380,RAVI KUMAR,SBIN0965900,04/02/2023,,TO CLEARING-CIT IOCL 554893 633256054596,,,633256054596,,1250.0,0.0,306393.0,debit,State Bank of India,00000040552115380_000060,,False
00000040552115380,RAVI KUMAR,SBIN0965900,04/02/2023,,NEFT-654045159829-SOUTHERN RETAILS-REIMB-115380-HDFC0683158 189838552787,,,654045159829,,0.0,18500.0,324893.0,credit,State Bank of India,00000040552115380_000061,,False
00000040552115380,RAVI KUMAR,SBIN0965900,04/02/2023,,ATM WDL/0303/KUKATPALLY 985569735587,,,985569735587,,449.0,0.0,324444.0,debit,State Bank of India,00000040552115380_000062,,False
00000040552115380,RAVI KUMAR,SBIN0965900,04/02/2023,,NEFT DR-HDFC0909556-DIVYA MENON-035923408441-RENT 972998048194,,,035923408441,,18000.0,0.0,306444.0,debit,State Bank of India,00000040552115380_000063,,False
00000040552115380,RAVI KUMAR,SBIN0965900,05/02/2023,,POS/2312/PVR CINEMAS/PUNE 799634643917,,,799634643917,,850.0,0.0,305594.0,debit,State Bank of India,00000040552115380_000064,,False
00000040552115380,RAVI KUMAR,SBIN0965900,05/02/2023,,TO TRANSFER-UPI/641355801346/ayeshakhan281@oksbi 641355801346,,,641355801346,,999.0,0.0,304595.0,debit,State Bank of India,00000040552115380_000065,,False
00000040552115380,RAVI KUMAR,SBIN0965900,06/02/2023,,BY TRANSFER-INB IMPS834143143144/1542149493/XX9515/Remitly Tr- MAC9571936669,,,834143143144,,0.0,24000.0,328595.0,credit,State Bank of India,00000040552115380_000066,,False
00000040552115380,RAVI KUMAR,SBIN0965900,06/02/2023,,NEFT-036660121894-SOUTHERN RETAILS-REIMB-115380-HDFC0979088 511481595549,,,036660121894,,0.0,24000.0,352595.0,credit,State Bank of India,00000040552115380_000067,,False
00000040552115380,RAVI KUMAR,SBIN0965900,06/02/2023,,BY TRANSFER-INB IMPS256912841560/7746234057/XX4547/Remitly Tr- MAC9350983292,,,256912841560,,0.0,2500.0,355095.0,credit,State Bank of India,00000040552115380_000068,,False
00000040552115380,RAVI KUMAR,SBIN0965900,06/02/2023,,TO TRANSFER-UPI/505048208208/sunilshett645@okaxis 505048208208,,,505048208208,,1680.0,0.0,353415.0,debit,State Bank of India,00000040552115380_000069,,False
00000040552115380,RAVI KUMAR,SBIN0965900,07/02/2023,,TO TRANSFER-UPI/431741896197/poojasharm959@oksbi 431741896197,,,431741896197,,999.0,0.0,352416.0,debit,State Bank of India,00000040552115380_000070,,False
00000040552115380,RAVI KUMAR,SBIN0965900,07/02/2023,,TO CLEARING-CIT AIRTEL 171179 991686686682,,,991686686682,,310.0,0.0,352106.0,debit,State Bank of India,00000040552115380_000071,,False
00000040552115380,RAVI KUMAR,SBIN0965900,08/02/2023,,TO TRANSFER-UPI/669129764175/rajeshverm894@okhdfcbank 669129764175,,,669129764175,,999.0,0.0,351107.0,debit,State Bank of India,00000040552115380_000072,,False
00000040552115380,RAVI KUMAR,SBIN0965900,08/02/2023,,TO TRANSFER-UPI/662866618712/anjalirao702@oksbi 662866618712,,,662866618712,,120.0,0.0,350987.0,debit,State Bank of India,00000040552115380_000073,,False
00000040552115380,RAVI KUMAR,SBIN0965900,09/02/2023,,BY TRANSFER-INB IMPS367485903185/2995145729/XX2278/Remitly Tr- MAC0346790189,,,367485903185,,0.0,1200.0,352187.0,credit,State Bank of India,00000040552115380_000074,,False
00000040552115380,RAVI KUMAR,SBIN0965900,09/02/2023,,ATM WDL/9051/BANJARA HILLS 189705235960,,,189705235960,,5200.0,0.0,346987.0,debit,State Bank of India,00000040552115380_000075,,False
00000040552115380,RAVI KUMAR,SBIN0965900,11/02/2023,,TO TRANSFER-UPI/738059258236/divyamenon952@ybl 738059258236,,,738059258236,,120.0,0.0,346867.0,debit,State Bank of India,00000040552115380_000076,,False
00000040552115380,RAVI KUMAR,SBIN0965900,11/02/2023,,ATM WDL/8394/WHITEFIELD 682348438214,,,682348438214,,699.0,0.0,346168.0,debit,State Bank of India,00000040552115380_000077,,False
00000040552115380,RAVI KUMAR,SBIN0965900,12/02/2023,,ATM WDL/4768/MYSURU 085600180473,,,085600180473,,1680.0,0.0,344488.0,debit,State Bank of India,00000040552115380_000078,,False
00000040552115380,RAVI KUMAR,SBIN0965900,12/02/2023,,BY TRANSFER-INB IMPS820928564665/6066733377/XX9077/Remitly Tr- MAC0560943443,,,820928564665,,0.0,4800.0,349288.0,credit,State Bank of India,00000040552115380_000079,,False
00000040552115380,RAVI KUMAR,SBIN0965900,12/02/2023,,ATM WDL/8873/KUKATPALLY 669129504475,,,669129504475,,3499.0,0.0,345789.0,debit,State Bank of India,00000040552115380_000080,,False
00000040552115380,RAVI KUMAR,SBIN0965900,13/02/2023,,ATM WDL/8210/MARATHAHALLI 578872221924,,,578872221924,,3499.0,0.0,342290.0,debit,State Bank of India,00000040552115380_000081,,False
00000040552115380,RAVI KUMAR,SBIN0965900,14/02/2023,,TO TRANSFER-UPI/849413877340/poojasharm692@okaxis 849413877340,,,849413877340,,850.0,0.0,341440.0,debit,State Bank of India,00000040552115380_000082,,False
00000040552115380,RAVI KUMAR,SBIN0965900,14/02/2023,,BY TRANSFER-INB IMPS373790597703/5347147239/XX4413/Remitly Tr- MAC8273488489,,,373790597703,,0.0,4800.0,346240.0,credit,State Bank of India,00000040552115380_000083,,False
00000040552115380,RAVI KUMAR,SBIN0965900,14/02/2023,,TO CLEARING-CIT IOCL 658745 846712844004,,,846712844004,,2380.0,0.0,343860.0,debit,State Bank of India,00000040552115380_000084,,False
00000040552115380,RAVI KUMAR,SBIN0965900,15/02/2023,,POS/1743/AIRTEL/MYSURU 000630510104,,,000630510104,,79.0,0.0,343781.0,debit,State Bank of India,00000040552115380_000085,,False
00000040552115380,RAVI KUMAR,SBIN0965900,15/02/2023,,TO CLEARING-CIT PVR CINEMAS 276348 052416011236,,,052416011236,,850.0,0.0,342931.0,debit,State Bank of India,00000040552115380_000086,,False
00000040552115380,RAVI KUMAR,SBIN0965900,15/02/2023,,TO TRANSFER-UPI/562523820521/kiranreddy734@okhdfcbank 562523820521,,,562523820521,,449.0,0.0,342482.0,debit,State Bank of India,00000040552115380_000087,,False
00000040552115380,RAVI KUMAR,SBIN0965900,16/02/2023,,TO TRANSFER-UPI/413002275218/reshmakhan199@paytm 413002275218,,,413002275218,,3499.0,0.0,338983.0,debit,State Bank of India,00000040552115380_000088,,False
00000040552115380,RAVI KUMAR,SBIN0965900,16/02/2023,,TO TRANSFER-UPI/809577735773/gopalnaik242@okhdfcbank 809577735773,,,809577735773,,2380.0,0.0,336603.0,debit,State Bank of India,00000040552115380_000089,,False
00000040552115380,RAVI KUMAR,SBIN0965900,16/02/2023,,POS/8172/BESCOM/HYDERABAD 428919374486,,,428919374486,,449.0,0.0,336154.0,debit,State Bank of India,00000040552115380_000090,,False
00000040552115380,RAVI KUMAR,SBIN0965900,17/02/2023,,TO TRANSFER-UPI/304573580144/meerapilla73@okhdfcbank 304573580144,,,304573580144,,249.0,0.0,335905.0,debit,State Bank of India,00000040552115380_000091,,False
00000040552115380,RAVI KUMAR,SBIN0965900,18/02/2023,,POS/0972/DMART/MANGALURU 363893241130,,,363893241130,,7800.0,0.0,328105.0,debit,State Bank of India,00000040552115380_000092,,False
00000040552115380,RAVI KUMAR,SBIN0965900,18/02/2023,,BY TRANSFER-INB IMPS309434005909/8687495436/XX7820/Remitly Tr- MAC9791470885,,,309434005909,,0.0,11200.0,339305.0,credit,State Bank of India,00000040552115380_000093,,False
00000040552115380,RAVI KUMAR,SBIN0965900,20/02/2023,,POS/3977/UBER/KUKATPALLY 416660575539,,,416660575539,,249.0,0.0,339056.0,debit,State Bank of India,00000040552115380_000094,,False
00000040552115380,RAVI KUMAR,SBIN0965900,21/02/2023,,TO TRANSFER-UPI/344219883345/priyanair470@paytm 344219883345,,,344219883345,,850.0,0.0,338206.0,debit,State Bank of India,00000040552115380_000095,,False
00000040552115380,RAVI KUMAR,SBIN0965900,22/02/2023,,TO TRANSFER-UPI/527310903867/smitharao326@okaxis 527310903867,,,527310903867,,49.0,0.0,338157.0,debit,State Bank of India,00000040552115380_000096,,False
00000040552115380,RAVI KUMAR,SBIN0965900,22/02/2023,,BY TRANSFER-INB IMPS366065581365/3676715142/XX2099/Remitly Tr- MAC3330538673,,,366065581365,,0.0,7500.0,345657.0,credit,State Bank of India,00000040552115380_000097,,False
00000040552115380,RAVI KUMAR,SBIN0965900,23/02/2023,,ATM WDL/5775/WHITEFIELD 372291495361,,,372291495361,,249.0,0.0,345408.0,debit,State Bank of India,00000040552115380_000098,,False
00000040552115380,RAVI KUMAR,SBIN0965900,23/02/2023,,NEFT-348991597983-SOUTHERN RETAILS-REIMB-115380-HDFC0969994 153938530420,,,348991597983,,0.0,12000.0,357408.0,credit,State Bank of India,00000040552115380_000099,,False
00000040552115380,RAVI KUMAR,SBIN0965900,24/02/2023,,TO CLEARING-CIT IOCL 264101 159834295325,,,159834295325,,3499.0,0.0,353909.0,debit,State Bank of India,00000040552115380_000100,,False
00000040552115380,RAVI KUMAR,SBIN0965900,25/02/2023,,TO TRANSFER-UPI/588492677396/gopalnaik716@ybl 588492677396,,,588492677396,,850.0,0.0,353059.0,debit,State Bank of India,00000040552115380_000101,,False
00000040552115380,RAVI KUMAR,SBIN0965900,26/02/2023,,TO CLEARING-CIT AMAZON 100726 248695504655,,,248695504655,,850.0,0.0,352209.0,debit,State Bank of India,00000040552115380_000102,,False
00000040552115380,RAVI KUMAR,SBIN0965900,26/02/2023,,BY TRANSFER-INB IMPS301399052123/9072294536/XX0864/Remitly Tr- MAC6007250178,,,301399052123,,0.0,4800.0,357009.0,credit,State Bank of India,00000040552115380_000103,,False
00000040552115380,RAVI KUMAR,SBIN0965900,26/02/2023,,TO CLEARING-CIT FLIPKART 505361 202301981517,,,202301981517,,1680.0,0.0,355329.0,debit,State Bank of India,00000040552115380_000104,,False
00000040552115380,RAVI KUMAR,SBIN0965900,27/02/2023,,BY TRANSFER-INB IMPS799714773977/8871118018/XX2174/Remitly Tr- MAC7229877015,,,799714773977,,0.0,2500.0,357829.0,credit,State Bank of India,00000040552115380_000105,,False
00000040552115380,RAVI KUMAR,SBIN0965900,27/02/2023,,BY TRANSFER-INB IMPS983786394167/4696262563/XX8179/Remitly Tr- MAC8240711468,,,983786394167,,0.0,850.0,358679.0,credit,State Bank of India,00000040552115380_000106,,False
00000040552115380,RAVI KUMAR,SBIN0965900,28/02/2023,,BY TRANSFER-INB IMPS154458710744/6827113238/XX2694/Remitly Tr- MAC9445765819,,,154458710744,,0.0,2500.0,361179.0,credit,State Bank of India,00000040552115380_000107,,False
00000040552115380,RAVI KUMAR,SBIN0965900,28/02/2023,,POS/1944/PVR CINEMAS/HYDERABAD 036851425471,,,036851425471,,5200.0,0.0,355979.0,debit,State Bank of India,00000040552115380_000108,,False
00000040552115380,RAVI KUMAR,SBIN0965900,01/03/2023,,BY TRANSFER-3803173296446 SALARY RAVI KUMAR 509287717742,,,3803173296446,,0.0,44250.0,400229.0,credit,State Bank of India,00000040552115380_000109,,False
00000040552115380,RAVI KUMAR,SBIN0965900,01/03/2023,,BY TRANSFER-INB IMPS515685392753/8005212656/XX4235/Remitly Tr- MAC3411362472,,,515685392753,,0.0,850.0,401079.0,credit,State Bank of India,00000040552115380_000110,,False
00000040552115380,RAVI KUMAR,SBIN0965900,02/03/2023,,POS/6604/HPCL/BTM LAYOUT 757724201967,,,757724201967,,1680.0,0.0,399399.0,debit,State Bank of India,00000040552115380_000111,,False
00000040552115380,RAVI KUMAR,SBIN0965900,03/03/2023,,TO TRANSFER-UPI/840020305845/tarageorge172@ybl 840020305845,,,840020305845,,3499.0,0.0,395900.0,debit,State Bank of India,00000040552115380_000112,,False
00000040552115380,RAVI KUMAR,SBIN0965900,04/03/2023,,TO CLEARING-CIT FLIPKART 115637 882328394868,,,882328394868,,1680.0,0.0,394220.0,debit,State Bank of India,00000040552115380_000113,,False
00000040552115380,RAVI KUMAR,SBIN0965900,04/03/2023,,NEFT DR-HDFC0053152-RESHMA KHAN-472296523250-RENT 242635863585,,,472296523250,,22000.0,0.0,372220.0,debit,State Bank of India,00000040552115380_000114,,False
00000040552115380,RAVI KUMAR,SBIN0965900,04/03/2023,,POS/7180/HPCL/MANGALURU 602676703222,,,602676703222,,999.0,0.0,371221.0,debit,State Bank of India,00000040552115380_000115,,False
00000040552115380,RAVI KUMAR,SBIN0965900,04/03/2023,,ATM WDL/4497/KUKATPALLY 950716737348,,,950716737348,,5200.0,0.0,366021.0,debit,State Bank of India,00000040552115380_000116,,False
00000040552115380,RAVI KUMAR,SBIN0965900,05/03/2023,,POS/1142/RELIANCE FRESH/MUMBAI 483821680897,,,483821680897,,79.0,0.0,365942.0,debit,State Bank of India,00000040552115380_000117,,False
00000040552115380,RAVI KUMAR,SBIN0965900,05/03/2023,,TO TRANSFER-UPI/962312529088/rahulsingh314@okaxis 962312529088,,,962312529088,,1680.0,0.0,364262.0,debit,State Bank of India,00000040552115380_000118,,False
00000040552115380,RAVI KUMAR,SBIN0965900,06/03/2023,,BY TRANSFER-INB IMPS410117641123/0209472949/XX7217/Remitly Tr- MAC1591986952,,,410117641123,,0.0,4800.0,369062.0,credit,State Bank of India,00000040552115380_000119,,False
00000040552115380,RAVI KUMAR,SBIN0965900,07/03/2023,,POS/6489/HPCL/MARATHAHALLI 309961342127,,,309961342127,,699.0,0.0,368363.0,debit,State Bank of India,00000040552115380_000120,,False
00000040552115380,RAVI KUMAR,SBIN0965900,07/03/2023,,ATM WDL/3405/MUMBAI 371454392281,,,371454392281,,2380.0,0.0,365983.0,debit,State Bank of India,00000040552115380_000121,,False
00000040552115380,RAVI KUMAR,SBIN0965900,07/03/2023,,BY TRANSFER-INB IMPS660010206592/8916598116/XX1705/Remitly Tr- MAC8381297021,,,660010206592,,0.0,7500.0,373483.0,credit,State Bank of India,00000040552115380_000122,,False
00000040552115380,RAVI KUMAR,SBIN0965900,08/03/2023,,BY TRANSFER-INB IMPS212773785856/4633371794/XX8660/Remitly Tr- MAC3867552754,,,212773785856,,0.0,18500.0,391983.0,credit,State Bank of India,00000040552115380_000123,,False
00000040552115380,RAVI KUMAR,SBIN0965900,08/03/2023,,TO TRANSFER-UPI/497182203779/divyamenon759@okaxis 497182203779,,,497182203779,,449.0,0.0,391534.0,debit,State Bank of India,00000040552115380_000124,,False
00000040552115380,RAVI KUMAR,SBIN0965900,08/03/2023,,TO CLEARING-CIT BPCL 258379 436978259161,,,436978259161,,699.0,0.0,390835.0,debit,State Bank of India,00000040552115380_000125,,False
00000040552115380,RAVI KUMAR,SBIN0965900,09/03/2023,,TO TRANSFER-UPI/587860412164/ayeshakhan888@paytm 587860412164,,,587860412164,,7800.0,0.0,383035.0,debit,State Bank of India,00000040552115380_000126,,False
00000040552115380,RAVI KUMAR,SBIN0965900,09/03/2023,,POS/5475/FLIPKART/HSR LAYOUT 612756385755,,,612756385755,,1250.0,0.0,381785.0,debit,State Bank of India,00000040552115380_000127,,False
00000040552115380,RAVI KUMAR,SBIN0965900,10/03/2023,,BY TRANSFER-INB IMPS411381501315/9772598832/XX8257/Remitly Tr- MAC4981085110,,,411381501315,,0.0,2500.0,384285.0,credit,State Bank of India,00000040552115380_000128,,False
00000040552115380,RAVI KUMAR,SBIN0965900,10/03/2023,,BY TRANSFER-INB IMPS588093891691/6408087883/XX8716/Remitly Tr- MAC1167968801,,,588093891691,,0.0,1200.0,385485.0,credit,State Bank of India,00000040552115380_000129,,False
00000040552115380,RAVI KUMAR,SBIN0965900,10/03/2023,,POS/3328/UBER/MUMBAI 132329616899,,,132329616899,,1680.0,0.0,383805.0,debit,State Bank of India,00000040552115380_000130,,False
00000040552115380,RAVI KUMAR,SBIN0965900,11/03/2023,,POS/5484/RELIANCE FRESH/MANGALURU 016576445817,,,016576445817,,1250.0,0.0,382555.0,debit,State Bank of India,00000040552115380_000131,,False
00000040552115380,RAVI KUMAR,SBIN0965900,11/03/2023,,TO CLEARING-CIT BPCL 308529 726584824642,,,726584824642,,7800.0,0.0,374755.0,debit,State Bank of India,00000040552115380_000132,,False
00000040552115380,RAVI KUMAR,SBIN0965900,11/03/2023,,ATM WDL/0886/MUMBAI 623118196853,,,623118196853,,79.0,0.0,374676.0,debit,State Bank of India,00000040552115380_000133,,False
00000040552115380,RAVI KUMAR,SBIN0965900,12/03/2023,,POS/0119/BOOKMYSHOW/MYSURU 317291209269,,,317291209269,,3499.0,0.0,371177.0,debit,State Bank of India,00000040552115380_000134,,False
00000040552115380,RAVI KUMAR,SBIN0965900,12/03/2023,,BY TRANSFER-INB IMPS988375938611/3543559612/XX5210/Remitly Tr- MAC5553309657,,,988375938611,,0.0,18500.0,389677.0,credit,State Bank of India,00000040552115380_000135,,False
00000040552115380,RAVI KUMAR,SBIN0965900,13/03/2023,,TO CLEARING-CIT RELIANCE FRESH 036271 783002542444,,,783002542444,,79.0,0.0,389598.0,debit,State Bank of India,00000040552115380_000136,,False
00000040552115380,RAVI KUMAR,SBIN0965900,13/03/2023,,BY TRANSFER-INB IMPS731602419907/5603497313/XX5570/Remitly Tr- MAC1777153603,,,731602419907,,0.0,11200.0,400798.0,credit,State Bank of India,00000040552115380_000137,,False
00000040552115380,RAVI KUMAR,SBIN0965900,13/03/2023,,TO TRANSFER-UPI/295906100937/rohitsharm218@oksbi 295906100937,,,295906100937,,120.0,0.0,400678.0,debit,State Bank of India,00000040552115380_000138,,False
00000040552115380,RAVI KUMAR,SBIN0965900,13/03/2023,,TO TRANSFER-UPI/753017083194/ayeshakhan482@oksbi 753017083194,,,753017083194,,850.0,0.0,399828.0,debit,State Bank of India,00000040552115380_000139,,False
00000040552115380,RAVI KUMAR,SBIN0965900,14/03/2023,,TO CLEARING-CIT UBER 820095 778567593543,,,778567593543,,850.0,0.0,398978.0,debit,State Bank of India,00000040552115380_000140,,False
00000040552115380,RAVI KUMAR,SBIN0965900,17/03/2023,,POS/7578/BOOKMYSHOW/HSR LAYOUT 626749528277,,,626749528277,,120.0,0.0,398858.0,debit,State Bank of India,00000040552115380_000141,,False
00000040552115380,RAVI KUMAR,SBIN0965900,18/03/2023,,BY TRANSFER-INB IMPS307313757491/3897533903/XX7664/Remitly Tr- MAC7756275241,,,307313757491,,0.0,24000.0,422858.0,credit,State Bank of India,00000040552115380_000142,,False
00000040552115380,RAVI KUMAR,SBIN0965900,18/03/2023,,BY TRANSFER-INB IMPS085104687771/2852700350/XX8233/Remitly Tr- MAC1191747852,,,085104687771,,0.0,24000.0,446858.0,credit,State Bank of India,00000040552115380_000143,,False
00000040552115380,RAVI KUMAR,SBIN0965900,18/03/2023,,BY TRANSFER-INB IMPS655852879435/7858402158/XX6844/Remitly Tr- MAC2990292758,,,655852879435,,0.0,18500.0,465358.0,credit,State Bank of India,00000040552115380_000144,,False
00000040552115380,RAVI KUMAR,SBIN0965900,18/03/2023,,POS/5165/UBER/INDIRANAGAR 778332028012,,,778332028012,,449.0,0.0,464909.0,debit,State Bank of India,00000040552115380_000145,,False
00000040552115380,RAVI KUMAR,SBIN0965900,18/03/2023,,POS/4768/MEDPLUS/SECUNDERABAD 980742423198,,,980742423198,,5200.0,0.0,459709.0,debit,State Bank of India,00000040552115380_000146,,False
00000040552115380,RAVI KUMAR,SBIN0965900,19/03/2023,,TO CLEARING-CIT UBER 532386 423464238079,,,423464238079,,249.0,0.0,459460.0,debit,State Bank of India,00000040552115380_000147,,False
00000040552115380,RAVI KUMAR,SBIN0965900,20/03/2023,,POS/7939/IRCTC/MUMBAI 388919282619,,,388919282619,,120.0,0.0,459340.0,debit,State Bank of India,00000040552115380_000148,,False
00000040552115380,RAVI KUMAR,SBIN0965900,20/03/2023,,POS/6317/SWIGGY/BANJARA HILLS 737036284771,,,737036284771,,3499.0,0.0,455841.0,debit,State Bank of India,00000040552115380_000149,,False
00000040552115380,RAVI KUMAR,SBIN0965900,22/03/2023,,ATM WDL/6127/KORAMANGALA 211371873967,,,211371873967,,5200.0,0.0,450641.0,debit,State Bank of India,00000040552115380_000150,,False
00000040552115380,RAVI KUMAR,SBIN0965900,23/03/2023,,TO CLEARING-CIT HPCL 535444 309043306145,,,309043306145,,1680.0,0.0,448961.0,debit,State Bank of India,00000040552115380_000151,,False
00000040552115380,RAVI KUMAR,SBIN0965900,25/03/2023,,CREDIT INTEREST CAPITALISED 048586460418,,,048586460418,,0.0,143.21,449104.21,credit,State Bank of India,00000040552115380_000152,,False
00000040552115380,RAVI KUMAR,SBIN0965900,25/03/2023,,GST ON BANK CHARGES 548884124531,,,548884124531,,17.7,0.0,449086.51,debit,State Bank of India,00000040552115380_000153,,False
00000040552115380,RAVI KUMAR,SBIN0965900,26/03/2023,,POS/4430/AIRTEL/MYSURU 901994476811,,,901994476811,,2380.0,0.0,446706.51,debit,State Bank of India,00000040552115380_000154,,False
00000040552115380,RAVI KUMAR,SBIN0965900,26/03/2023,,TO CLEARING-CIT IRCTC 556248 192267451426,,,192267451426,,249.0,0.0,446457.51,debit,State Bank of India,00000040552115380_000155,,False
00000040552115380,RAVI KUMAR,SBIN0965900,27/03/2023,,POS/6436/BPCL/HYDERABAD 552281864774,,,552281864774,,249.0,0.0,446208.51,debit,State Bank of India,00000040552115380_000156,,False
00000040552115380,RAVI KUMAR,SBIN0965900,27/03/2023,,BY TRANSFER-INB IMPS390914639682/9727504047/XX2959/Remitly Tr- MAC4019923116,,,390914639682,,0.0,11200.0,457408.51,credit,State Bank of India,00000040552115380_000157,,False
00000040552115380,RAVI KUMAR,SBIN0965900,27/03/2023,,ATM WDL/3300/KORAMANGALA 815953377143,,,815953377143,,850.0,0.0,456558.51,debit,State Bank of India,00000040552115380_000158,,False
00000040552115380,RAVI KUMAR,SBIN0965900,28/03/2023,,TO TRANSFER-UPI/044417157737/sunilshett676@paytm 044417157737,,,044417157737,,249.0,0.0,456309.51,debit,State Bank of India,00000040552115380_000159,,False
00000040552115380,RAVI KUMAR,SBIN0965900,29/03/2023,,ATM WDL/8179/HYDERABAD 531438793238,,,531438793238,,49.0,0.0,456260.51,debit,State Bank of India,00000040552115380_000160,,False
00000040552115380,RAVI KUMAR,SBIN0965900,29/03/2023,,TO CLEARING-CIT FLIPKART 482569 938404890310,,,938404890310,,449.0,0.0,455811.51,debit,State Bank of India,00000040552115380_000161,,False
00000040552115380,RAVI KUMAR,SBIN0965900,02/04/2023,,BY TRANSFER-INB IMPS064480787646/5774900670/XX1560/Remitly Tr- MAC3150960873,,,064480787646,,0.0,11200.0,467011.51,credit,State Bank of India,00000040552115380_000162,,False
00000040552115380,RAVI KUMAR,SBIN0965900,03/04/2023,,BY TRANSFER-INB IMPS289535590929/5133014710/XX8116/Remitly Tr- MAC9909937812,,,289535590929,,0.0,7500.0,474511.51,credit,State Bank of India,00000040552115380_000163,,False
00000040552115380,RAVI KUMAR,SBIN0965900,03/04/2023,,BY TRANSFER-1517837306289 SALARY RAVI KUMAR 719866040340,,,1517837306289,,0.0,44250.0,518761.51,credit,State Bank of India,00000040552115380_000164,,False
00000040552115380,RAVI KUMAR,SBIN0965900,03/04/2023,,ATM WDL/2468/MUMBAI 916895960246,,,916895960246,,2380.0,0.0,516381.51,debit,State Bank of India,00000040552115380_000165,,False
00000040552115380,RAVI KUMAR,SBIN0965900,03/04/2023,,BY TRANSFER-INB IMPS241440871349/4780909493/XX7391/Remitly Tr- MAC7681451227,,,241440871349,,0.0,11200.0,527581.51,credit,State Bank of India,00000040552115380_000166,,False
00000040552115380,RAVI KUMAR,SBIN0965900,04/04/2023,,NEFT DR-HDFC0377934-SMITHA RAO-152068741456-RENT 427807658375,,,152068741456,,18000.0,0.0,509581.51,debit,State Bank of India,00000040552115380_000167,,False
00000040552115380,RAVI KUMAR,SBIN0965900,04/04/2023,,TO TRANSFER-UPI/043145297932/divyamenon549@ybl 043145297932,,,043145297932,,1250.0,0.0,508331.51,debit,State Bank of India,00000040552115380_000168,,False
00000040552115380,RAVI KUMAR,SBIN0965900,06/04/2023,,BY TRANSFER-INB IMPS696426574294/6120473811/XX7015/Remitly Tr- MAC8878357233,,,696426574294,,0.0,850.0,509181.51,credit,State Bank of India,00000040552115380_000169,,False
00000040552115380,RAVI KUMAR,SBIN0965900,06/04/2023,,ATM WDL/3118/SECUNDERABAD 108162698928,,,108162698928,,249.0,0.0,508932.51,debit,State Bank of India,00000040552115380_000170,,False
00000040552115380,RAVI KUMAR,SBIN0965900,06/04/2023,,TO CLEARING-CIT ZOMATO 164620 126421115225,,,126421115225,,449.0,0.0,508483.51,debit,State Bank of India,00000040552115380_000171,,False
00000040552115380,RAVI KUMAR,SBIN0965900,06/04/2023,,NEFT-517203623723-SOUTHERN RETAILS-REIMB-115380-HDFC0542822 131882049474,,,517203623723,,0.0,12000.0,520483.51,credit,State Bank of India,00000040552115380_000172,,False
00000040552115380,RAVI KUMAR,SBIN0965900,07/04/2023,,ATM WDL/2645/KUKATPALLY 635006888959,,,635006888959,,3499.0,0.0,516984.51,debit,State Bank of India,00000040552115380_000173,,False
00000040552115380,RAVI KUMAR,SBIN0965900,08/04/2023,,ATM WDL/5447/SECUNDERABAD 278752252738,,,278752252738,,310.0,0.0,516674.51,debit,State Bank of India,00000040552115380_000174,,False
00000040552115380,RAVI KUMAR,SBIN0965900,09/04/2023,,TO CLEARING-CIT BPCL 097674 751262095930,,,751262095930,,7800.0,0.0,508874.51,debit,State Bank of India,00000040552115380_000175,,False
00000040552115380,RAVI KUMAR,SBIN0965900,09/04/2023,,TO TRANSFER-UPI/247578198152/vikramnair221@paytm 247578198152,,,247578198152,,1250.0,0.0,507624.51,debit,State Bank of India,00000040552115380_000176,,False
00000040552115380,RAVI KUMAR,SBIN0965900,10/04/2023,,BY TRANSFER-INB IMPS340662614355/5102118696/XX0993/Remitly Tr- MAC0939737669,,,340662614355,,0.0,7500.0,515124.51,credit,State Bank of India,00000040552115380_000177,,False
00000040552115380,RAVI KUMAR,SBIN0965900,10/04/2023,,POS/1211/APOLLO PHARMACY/MUMBAI 212486928523,,,212486928523,,850.0,0.0,514274.51,debit,State Bank of India,00000040552115380_000178,,False
00000040552115380,RAVI KUMAR,SBIN0965900,10/04/2023,,BY TRANSFER-INB IMPS784947616332/3504656109/XX8960/Remitly Tr- MAC4085877070,,,784947616332,,0.0,2500.0,516774.51,credit,State Bank of India,00000040552115380_000179,,False
00000040552115380,RAVI KUMAR,SBIN0965900,10/04/2023,,BY TRANSFER-INB IMPS138599357754/6161056960/XX0144/Remitly Tr- MAC8320249961,,,138599357754,,0.0,7500.0,524274.51,credit,State Bank of India,00000040552115380_000180,,False
00000040552115380,RAVI KUMAR,SBIN0965900,10/04/2023,,BY TRANSFER-INB IMPS665242291556/7296075321/XX5802/Remitly Tr- MAC8375564223,,,665242291556,,0.0,18500.0,542774.51,credit,State Bank of India,00000040552115380_000181,,False
00000040552115380,RAVI KUMAR,SBIN0965900,11/04/2023,,BY TRANSFER-INB IMPS682329438711/5878874402/XX4643/Remitly Tr- MAC1697526420,,,682329438711,,0.0,24000.0,566774.51,credit,State Bank of India,00000040552115380_000182,,False
00000040552115380,RAVI KUMAR,SBIN0965900,13/04/2023,,BY TRANSFER-INB IMPS533040642730/0477612769/XX3827/Remitly Tr- MAC0152222386,,,533040642730,,0.0,1200.0,567974.51,credit,State Bank of India,00000040552115380_000183,,False
00000040552115380,RAVI KUMAR,SBIN0965900,13/04/2023,,TO TRANSFER-UPI/102436406596/arjunmehta208@okhdfcbank 102436406596,,,102436406596,,3499.0,0.0,564475.51,debit,State Bank of India,00000040552115380_000184,,False
00000040552115380,RAVI KUMAR,SBIN0965900,13/04/2023,,BY TRANSFER-INB IMPS814521962470/7378110381/XX5010/Remitly Tr- MAC7884041472,,,814521962470,,0.0,2500.0,566975.51,credit,State Bank of India,00000040552115380_000185,,False
00000040552115380,RAVI KUMAR,SBIN0965900,13/04/2023,,TO CLEARING-CIT IRCTC 360855 073256484479,,,073256484479,,49.0,0.0,566926.51,debit,State Bank of India,00000040552115380_000186,,False
00000040552115380,RAVI KUMAR,SBIN0965900,14/04/2023,,TO TRANSFER-UPI/914400492293/reshmakhan382@okhdfcbank 914400492293,,,914400492293,,5200.0,0.0,561726.51,debit,State Bank of India,00000040552115380_000187,,False
00000040552115380,RAVI KUMAR,SBIN0965900,14/04/2023,,BY TRANSFER-INB IMPS947485622949/5023636167/XX3608/Remitly Tr- MAC5245197952,,,947485622949,,0.0,1200.0,562926.51,credit,State Bank of India,00000040552115380_000188,,False
00000040552115380,RAVI KUMAR,SBIN0965900,15/04/2023,,TO TRANSFER-UPI/736174469762/anjalirao73@okaxis 736174469762,,,736174469762,,699.0,0.0,562227.51,debit,State Bank of India,00000040552115380_000189,,False
00000040552115380,RAVI KUMAR,SBIN0965900,16/04/2023,,POS/7093/ZOMATO/BANJARA HILLS 060255213590,,,060255213590,,699.0,0.0,561528.51,debit,State Bank of India,00000040552115380_000190,,False
00000040552115380,RAVI KUMAR,SBIN0965900,16/04/2023,,TO TRANSFER-UPI/052588944336/ayeshakhan894@oksbi 052588944336,,,052588944336,,699.0,0.0,560829.51,debit,State Bank of India,00000040552115380_000191,,False
00000040552115380,RAVI KUMAR,SBIN0965900,18/04/2023,,POS/0750/BPCL/MANGALURU 502813800540,,,502813800540,,310.0,0.0,560519.51,debit,State Bank of India,00000040552115380_000192,,False
00000040552115380,RAVI KUMAR,SBIN0965900,19/04/2023,,TO CLEARING-CIT PVR CINEMAS 942114 081856483208,,,081856483208,,699.0,0.0,559820.51,debit,State Bank of India,00000040552115380_000193,,False
00000040552115380,RAVI KUMAR,SBIN0965900,19/04/2023,,TO TRANSFER-UPI/270208015456/gopalnaik75@paytm 270208015456,,,270208015456,,249.0,0.0,559571.51,debit,State Bank of India,00000040552115380_000194,,False
00000040552115380,RAVI KUMAR,SBIN0965900,19/04/2023,,ATM WDL/2712/HSR LAYOUT 804424919192,,,804424919192,,1680.0,0.0,557891.51,debit,State Bank of India,00000040552115380_000195,,False
00000040552115380,RAVI KUMAR,SBIN0965900,20/04/2023,,TO TRANSFER-UPI/214778934534/arjunmehta859@okaxis 214778934534,,,214778934534,,79.0,0.0,557812.51,debit,State Bank of India,00000040552115380_000196,,False
00000040552115380,RAVI KUMAR,SBIN0965900,20/04/2023,,POS/1095/DMART/SECUNDERABAD 288084526935,,,288084526935,,5200.0,0.0,552612.51,debit,State Bank of India,00000040552115380_000197,,False
00000040552115380,RAVI KUMAR,SBIN0965900,21/04/2023,,TO TRANSFER-UPI/688599992106/rohitsharm199@oksbi 688599992106,,,688599992106,,249.0,0.0,552363.51,debit,State Bank of India,00000040552115380_000198,,False
00000040552115380,RAVI KUMAR,SBIN0965900,21/04/2023,,POS/0443/BOOKMYSHOW/MANGALURU 961759475996,,,961759475996,,79.0,0.0,552284.51,debit,State Bank of India,00000040552115380_000199,,False
00000040552115380,RAVI KUMAR,SBIN0965900,23/04/2023,,TO TRANSFER-UPI/073984031659/naveenkuma224@ybl 073984031659,,,073984031659,,699.0,0.0,551585.51,debit,State Bank of India,00000040552115380_000200,,False
00000040552115380,RAVI KUMAR,SBIN0965900,23/04/2023,,ATM WDL/9661/MYSURU 566176219819,,,566176219819,,249.0,0.0,551336.51,debit,State Bank of India,00000040552115380_000201,,False
00000040552115380,RAVI KUMAR,SBIN0965900,23/04/2023,,TO CLEARING-CIT ZOMATO 737949 755183923605,,,755183923605,,249.0,0.0,551087.51,debit,State Bank of India,00000040552115380_000202,,False
00000040552115380,RAVI KUMAR,SBIN0965900,23/04/2023,,ATM WDL/8155/MARATHAHALLI 284450265459,,,284450265459,,120.0,0.0,550967.51,debit,State Bank of India,00000040552115380_000203,,False
00000040552115380,RAVI KUMAR,SBIN0965900,24/04/2023,,POS/0563/DMART/KORAMANGALA 048443300283,,,048443300283,,120.0,0.0,550847.51,debit,State Bank of India,00000040552115380_000204,,False
00000040552115380,RAVI KUMAR,SBIN0965900,24/04/2023,,TO CLEARING-CIT DMART 303339 268831985899,,,268831985899,,7800.0,0.0,543047.51,debit,State Bank of India,00000040552115380_000205,,False
00000040552115380,RAVI KUMAR,SBIN0965900,24/04/2023,,POS/8721/APOLLO PHARMACY/MARATHAHALLI 766989411809,,,766989411809,,5200.0,0.0,537847.51,debit,State Bank of India,00000040552115380_000206,,False
00000040552115380,RAVI KUMAR,SBIN0965900,25/04/2023,,TO TRANSFER-UPI/705853973373/vinaypatil108@okhdfcbank 705853973373,,,705853973373,,120.0,0.0,537727.51,debit,State Bank of India,00000040552115380_000207,,False
00000040552115380,RAVI KUMAR,SBIN0965900,26/04/2023,,TO CLEARING-CIT MEDPLUS 461870 611336544203,,,611336544203,,699.0,0.0,537028.51,debit,State Bank of India,00000040552115380_000208,,False
00000040552115380,RAVI KUMAR,SBIN0965900,29/04/2023,,ATM WDL/8159/BTM LAYOUT 015346379627,,,015346379627,,120.0,0.0,536908.51,debit,State Bank of India,00000040552115380_000209,,False
00000040552115380,RAVI KUMAR,SBIN0965900,30/04/2023,,TO CLEARING-CIT BESCOM 421387 645240621813,,,645240621813,,699.0,0.0,536209.51,debit,State Bank of India,00000040552115380_000210,,False
00000040552115380,RAVI KUMAR,SBIN0965900,01/05/2023,,TO CLEARING-CIT DMART 494168 402713148151,,,402713148151,,249.0,0.0,535960.51,debit,State Bank of India,00000040552115380_000211,,False
00000040552115380,RAVI KUMAR,SBIN0965900,01/05/2023,,POS/0415/ZOMATO/MYSURU 574253334871,,,574253334871,,3499.0,0.0,532461.51,debit,State Bank of India,00000040552115380_000212,,False
00000040552115380,RAVI KUMAR,SBIN0965900,02/05/2023,,TO CLEARING-CIT FLIPKART 797635 168815969691,,,168815969691,,310.0,0.0,532151.51,debit,State Bank of India,00000040552115380_000213,,False
00000040552115380,RAVI KUMAR,SBIN0965900,02/05/2023,,POS/9009/OLA/BANJARA HILLS 971618960475,,,971618960475,,2380.0,0.0,529771.51,debit,State Bank of India,00000040552115380_000214,,False
00000040552115380,RAVI KUMAR,SBIN0965900,03/05/2023,,BY TRANSFER-0549582036264 SALARY RAVI KUMAR 240729245871,,,0549582036264,,0.0,45000.0,574771.51,credit,State Bank of India,00000040552115380_000215,,False
00000040552115380,RAVI KUMAR,SBIN0965900,04/05/2023,,ATM WDL/9510/SECUNDERABAD 165135080125,,,165135080125,,5200.0,0.0,569571.51,debit,State Bank of India,00000040552115380_000216,,False
00000040552115380,RAVI KUMAR,SBIN0965900,04/05/2023,,TO TRANSFER-UPI/522774139640/anjalirao993@okaxis 522774139640,,,522774139640,,5200.0,0.0,564371.51,debit,State Bank of India,00000040552115380_000217,,False
00000040552115380,RAVI KUMAR,SBIN0965900,06/05/2023,,NEFT DR-HDFC0837007-AYESHA KHAN-285259293826-RENT 013077372288,,,285259293826,,22000.0,0.0,542371.51,debit,State Bank of India,00000040552115380_000218,,False
00000040552115380,RAVI KUMAR,SBIN0965900,09/05/2023,,TO TRANSFER-UPI/312614666366/priyanair594@ybl 312614666366,,,312614666366,,310.0,0.0,542061.51,debit,State Bank of India,00000040552115380_000219,,False
00000040552115380,RAVI KUMAR,SBIN0965900,09/05/2023,,POS/1702/MEDPLUS/WHITEFIELD 820718698028,,,820718698028,,2380.0,0.0,539681.51,debit,State Bank of India,00000040552115380_000220,,False
00000040552115380,RAVI KUMAR,SBIN0965900,10/05/2023,,POS/2491/JIO/MANGALURU 064107955600,,,064107955600,,1250.0,0.0,538431.51,debit,State Bank of India,00000040552115380_000221,,False
00000040552115380,RAVI KUMAR,SBIN0965900,10/05/2023,,POS/4580/BOOKMYSHOW/JAYANAGAR 042934988602,,,042934988602,,3499.0,0.0,534932.51,debit,State Bank of India,00000040552115380_000222,,False
00000040552115380,RAVI KUMAR,SBIN0965900,11/05/2023,,POS/8152/APOLLO PHARMACY/KUKATPALLY 516766221949,,,516766221949,,1680.0,0.0,533252.51,debit,State Bank of India,00000040552115380_000223,,False
00000040552115380,RAVI KUMAR,SBIN0965900,11/05/2023,,TO CLEARING-CIT AMAZON 500712 940259985906,,,940259985906,,310.0,0.0,532942.51,debit,State Bank of India,00000040552115380_000224,,False
00000040552115380,RAVI KUMAR,SBIN0965900,12/05/2023,,BY TRANSFER-INB IMPS932231714585/4066104774/XX7517/Remitly Tr- MAC8105161339,,,932231714585,,0.0,7500.0,540442.51,credit,State Bank of India,00000040552115380_000225,,False
00000040552115380,RAVI KUMAR,SBIN0965900,13/05/2023,,ATM WDL/9026/KORAMANGALA 080644734335,,,080644734335,,310.0,0.0,540132.51,debit,State Bank of India,00000040552115380_000226,,False
00000040552115380,RAVI KUMAR,SBIN0965900,13/05/2023,,ATM WDL/4893/MYSURU 646341976236,,,646341976236,,2380.0,0.0,537752.51,debit,State Bank of India,00000040552115380_000227,,False
00000040552115380,RAVI KUMAR,SBIN0965900,15/05/2023,,TO TRANSFER-UPI/459827060990/harishmeno44@oksbi 459827060990,,,459827060990,,449.0,0.0,537303.51,debit,State Bank of India,00000040552115380_000228,,False
00000040552115380,RAVI KUMAR,SBIN0965900,15/05/2023,,TO CLEARING-CIT MEDPLUS 353531 179458532062,,,179458532062,,310.0,0.0,536993.51,debit,State Bank of India,00000040552115380_000229,,False
00000040552115380,RAVI KUMAR,SBIN0965900,16/05/2023,,BY TRANSFER-INB IMPS626971457119/8659031082/XX1387/Remitly Tr- MAC4311476118,,,626971457119,,0.0,850.0,537843.51,credit,State Bank of India,00000040552115380_000230,,False
00000040552115380,RAVI KUMAR,SBIN0965900,16/05/2023,,TO TRANSFER-UPI/793554757089/arjunmehta711@ybl 793554757089,,,793554757089,,79.0,0.0,537764.51,debit,State Bank of India,00000040552115380_000231,,False
00000040552115380,RAVI KUMAR,SBIN0965900,19/05/2023,,BY TRANSFER-INB IMPS004634690424/2174051915/XX8982/Remitly Tr- MAC1359429821,,,004634690424,,0.0,2500.0,540264.51,credit,State Bank of India,00000040552115380_000232,,False
00000040552115380,RAVI KUMAR,SBIN0965900,20/05/2023,,BY TRANSFER-INB IMPS261452189723/4010973778/XX1882/Remitly Tr- MAC6431148607,,,261452189723,,0.0,500.0,540764.51,credit,State Bank of India,00000040552115380_000233,,False
00000040552115380,RAVI KUMAR,SBIN0965900,22/05/2023,,TO TRANSFER-UPI/760527673707/rohitsharm724@okaxis 760527673707,,,760527673707,,5200.0,0.0,535564.51,debit,State Bank of India,00000040552115380_000234,,False
00000040552115380,RAVI KUMAR,SBIN0965900,22/05/2023,,BY TRANSFER-INB IMPS274506661562/2805617678/XX4242/Remitly Tr- MAC7944511917,,,274506661562,,0.0,24000.0,559564.51,credit,State Bank of India,00000040552115380_000235,,False
00000040552115380,RAVI KUMAR,SBIN0965900,23/05/2023,,TO CLEARING-CIT AMAZON 170597 638736234807,,,638736234807,,310.0,0.0,559254.51,debit,State Bank of India,00000040552115380_000236,,False
00000040552115380,RAVI KUMAR,SBIN0965900,23/05/2023,,TO CLEARING-CIT FLIPKART 424397 380405631898,,,380405631898,,999.0,0.0,558255.51,debit,State Bank of India,00000040552115380_000237,,False
00000040552115380,RAVI KUMAR,SBIN0965900,23/05/2023,,TO CLEARING-CIT BESCOM 331745 154041005322,,,154041005322,,3499.0,0.0,554756.51,debit,State Bank of India,00000040552115380_000238,,False
00000040552115380,RAVI KUMAR,SBIN0965900,25/05/2023,,BY TRANSFER-INB IMPS825274235665/9005699596/XX2268/Remitly Tr- MAC4956479584,,,825274235665,,0.0,7500.0,562256.51,credit,State Bank of India,00000040552115380_000239,,False
00000040552115380,RAVI KUMAR,SBIN0965900,25/05/2023,,TO CLEARING-CIT JIO 114410 424795113322,,,424795113322,,120.0,0.0,562136.51,debit,State Bank of India,00000040552115380_000240,,False
00000040552115380,RAVI KUMAR,SBIN0965900,25/05/2023,,TO TRANSFER-UPI/005567763523/farhankhan594@okhdfcbank 005567763523,,,005567763523,,1680.0,0.0,560456.51,debit,State Bank of India,00000040552115380_000241,,False
00000040552115380,RAVI KUMAR,SBIN0965900,26/05/2023,,POS/8994/RELIANCE FRESH/MYSURU 919532515935,,,919532515935,,2380.0,0.0,558076.51,debit,State Bank of India,00000040552115380_000242,,False
00000040552115380,RAVI KUMAR,SBIN0965900,26/05/2023,,TO TRANSFER-UPI/158675282844/mohandas346@okaxis 158675282844,,,158675282844,,449.0,0.0,557627.51,debit,State Bank of India,00000040552115380_000243,,False
00000040552115380,RAVI KUMAR,SBIN0965900,26/05/2023,,TO CLEARING-CIT JIO 850240 206295005301,,,206295005301,,7800.0,0.0,549827.51,debit,State Bank of India,00000040552115380_000244,,False
00000040552115380,RAVI KUMAR,SBIN0965900,27/05/2023,,ATM WDL/1033/MARATHAHALLI 923256554424,,,923256554424,,699.0,0.0,549128.51,debit,State Bank of India,00000040552115380_000245,,False
00000040552115380,RAVI KUMAR,SBIN0965900,28/05/2023,,TO TRANSFER-UPI/371626733777/arjunmehta293@okaxis 371626733777,,,371626733777,,699.0,0.0,548429.51,debit,State Bank of India,00000040552115380_000246,,False
00000040552115380,RAVI KUMAR,SBIN0965900,29/05/2023,,TO TRANSFER-UPI/819204688146/smitharao639@oksbi 819204688146,,,819204688146,,1680.0,0.0,546749.51,debit,State Bank of India,00000040552115380_000247,,False
00000040552115380,RAVI KUMAR,SBIN0965900,29/05/2023,,POS/4284/UBER/PUNE 624069304937,,,624069304937,,3499.0,0.0,543250.51,debit,State Bank of India,00000040552115380_000248,,False
00000040552115380,RAVI KUMAR,SBIN0965900,30/05/2023,,TO CLEARING-CIT ZOMATO 395675 538800317884,,,538800317884,,79.0,0.0,543171.51,debit,State Bank of India,00000040552115380_000249,,False
00000040552115380,RAVI KUMAR,SBIN0965900,31/05/2023,,BY TRANSFER-INB IMPS556049718327/9407804880/XX8886/Remitly Tr- MAC0919958837,,,556049718327,,0.0,24000.0,567171.51,credit,State Bank of India,00000040552115380_000250,,False
00000040552115380,RAVI KUMAR,SBIN0965900,01/06/2023,,TO CLEARING-CIT HPCL 818405 529934871345,,,529934871345,,120.0,0.0,567051.51,debit,State Bank of India,00000040552115380_000251,,False
00000040552115380,RAVI KUMAR,SBIN0965900,02/06/2023,,BY TRANSFER-7729147294625 SALARY RAVI KUMAR 096303967492,,,7729147294625,,0.0,45000.0,612051.51,credit,State Bank of India,00000040552115380_000252,,False
00000040552115380,RAVI KUMAR,SBIN0965900,02/06/2023,,BY TRANSFER-INB IMPS041622787422/7105443295/XX8657/Remitly Tr- MAC4101253791,,,041622787422,,0.0,4800.0,616851.51,credit,State Bank of India,00000040552115380_000253,,False
00000040552115380,RAVI KUMAR,SBIN0965900,02/06/2023,,POS/1554/RELIANCE FRESH/PUNE 800600147200,,,800600147200,,249.0,0.0,616602.51,debit,State Bank of India,00000040552115380_000254,,False
00000040552115380,RAVI KUMAR,SBIN0965900,04/06/2023,,TO CLEARING-CIT BPCL 349791 889921270924,,,889921270924,,120.0,0.0,616482.51,debit,State Bank of India,00000040552115380_000255,,False
00000040552115380,RAVI KUMAR,SBIN0965900,04/06/2023,,TO CLEARING-CIT SWIGGY 503754 242345859177,,,242345859177,,79.0,0.0,616403.51,debit,State Bank of India,00000040552115380_000256,,False
00000040552115380,RAVI KUMAR,SBIN0965900,05/06/2023,,BY TRANSFER-INB IMPS935629291875/1554656122/XX9887/Remitly Tr- MAC4821534895,,,935629291875,,0.0,7500.0,623903.51,credit,State Bank of India,00000040552115380_000257,,False
00000040552115380,RAVI KUMAR,SBIN0965900,05/06/2023,,TO CLEARING-CIT ZOMATO 625260 235847369907,,,235847369907,,310.0,0.0,623593.51,debit,State Bank of India,00000040552115380_000258,,False
00000040552115380,RAVI KUMAR,SBIN0965900,05/06/2023,,TO TRANSFER-UPI/177196272525/rajeshverm423@oksbi 177196272525,,,177196272525,,850.0,0.0,622743.51,debit,State Bank of India,00000040552115380_000259,,False
00000040552115380,RAVI KUMAR,SBIN0965900,06/06/2023,,NEFT DR-HDFC0919648-RAHUL SINGH-586787373366-RENT 989263522364,,,586787373366,,22000.0,0.0,600743.51,debit,State Bank of India,00000040552115380_000260,,False
00000040552115380,RAVI KUMAR,SBIN0965900,06/06/2023,,ATM WDL/3695/PUNE 479088048616,,,479088048616,,249.0,0.0,600494.51,debit,State Bank of India,00000040552115380_000261,,False
00000040552115380,RAVI KUMAR,SBIN0965900,06/06/2023,,TO TRANSFER-UPI/623885758637/poojasharm123@okaxis 623885758637,,,623885758637,,999.0,0.0,599495.51,debit,State Bank of India,00000040552115380_000262,,False
00000040552115380,RAVI KUMAR,SBIN0965900,07/06/2023,,ATM WDL/7347/KORAMANGALA 393148500282,,,393148500282,,79.0,0.0,599416.51,debit,State Bank of India,00000040552115380_000263,,False
00000040552115380,RAVI KUMAR,SBIN0965900,08/06/2023,,ATM WDL/6083/INDIRANAGAR 429288492722,,,429288492722,,850.0,0.0,598566.51,debit,State Bank of India,00000040552115380_000264,,False
00000040552115380,RAVI KUMAR,SBIN0965900,08/06/2023,,TO CLEARING-CIT BESCOM 571211 349425967720,,,349425967720,,79.0,0.0,598487.51,debit,State Bank of India,00000040552115380_000265,,False
00000040552115380,RAVI KUMAR,SBIN0965900,08/06/2023,,BY TRANSFER-INB IMPS690461433013/9491911590/XX0388/Remitly Tr- MAC9325549509,,,690461433013,,0.0,24000.0,622487.51,credit,State Bank of India,00000040552115380_000266,,False
00000040552115380,RAVI KUMAR,SBIN0965900,09/06/2023,,BY TRANSFER-INB IMPS620686057291/0327200846/XX9109/Remitly Tr- MAC0337357969,,,620686057291,,0.0,7500.0,629987.51,credit,State Bank of India,00000040552115380_000267,,False
00000040552115380,RAVI KUMAR,SBIN0965900,10/06/2023,,ATM WDL/1515/MARATHAHALLI 282510767851,,,282510767851,,850.0,0.0,629137.51,debit,State Bank of India,00000040552115380_000268,,False
00000040552115380,RAVI KUMAR,SBIN0965900,10/06/2023,,TO CLEARING-CIT SWIGGY 918481 754273863594,,,754273863594,,310.0,0.0,628827.51,debit,State Bank of India,00000040552115380_000269,,False
00000040552115380,RAVI KUMAR,SBIN0965900,12/06/2023,,ATM WDL/9479/BANJARA HILLS 450293499500,,,450293499500,,249.0,0.0,628578.51,debit,State Bank of India,00000040552115380_000270,,False
00000040552115380,RAVI KUMAR,SBIN0965900,12/06/2023,,ATM WDL/7507/BANJARA HILLS 061956532899,,,061956532899,,5200.0,0.0,623378.51,debit,State Bank of India,00000040552115380_000271,,False
00000040552115380,RAVI KUMAR,SBIN0965900,13/06/2023,,BY TRANSFER-INB IMPS011251562777/2925482629/XX6927/Remitly Tr- MAC8791015812,,,011251562777,,0.0,7500.0,630878.51,credit,State Bank of India,00000040552115380_000272,,False
00000040552115380,RAVI KUMAR,SBIN0965900,14/06/2023,,TO TRANSFER-UPI/280905930582/farhankhan606@ybl 280905930582,,,280905930582,,249.0,0.0,630629.51,debit,State Bank of India,00000040552115380_000273,,False
00000040552115380,RAVI KUMAR,SBIN0965900,14/06/2023,,POS/7686/APOLLO PHARMACY/HYDERABAD 353323732624,,,353323732624,,699.0,0.0,629930.51,debit,State Bank of India,00000040552115380_000274,,False
00000040552115380,RAVI KUMAR,SBIN0965900,15/06/2023,,ATM WDL/4500/JAYANAGAR 356798204800,,,356798204800,,249.0,0.0,629681.51,debit,State Bank of India,00000040552115380_000275,,False
00000040552115380,RAVI KUMAR,SBIN0965900,16/06/2023,,TO TRANSFER-UPI/856760995042/kiranreddy573@ybl 856760995042,,,856760995042,,310.0,0.0,629371.51,debit,State Bank of India,00000040552115380_000276,,False
00000040552115380,RAVI KUMAR,SBIN0965900,16/06/2023,,POS/0437/DMART/PUNE 749421271564,,,749421271564,,699.0,0.0,628672.51,debit,State Bank of India,00000040552115380_000277,,False
00000040552115380,RAVI KUMAR,SBIN0965900,16/06/2023,,ATM WDL/6512/PUNE 996270967350,,,996270967350,,699.0,0.0,627973.51,debit,State Bank of India,00000040552115380_000278,,False
00000040552115380,RAVI KUMAR,SBIN0965900,16/06/2023,,BY TRANSFER-INB IMPS487779974776/8132166389/XX2547/Remitly Tr- MAC6483142641,,,487779974776,,0.0,7500.0,635473.51,credit,State Bank of India,00000040552115380_000279,,False
00000040552115380,RAVI KUMAR,SBIN0965900,16/06/2023,,TO CLEARING-CIT RELIANCE FRESH 501508 280756332733,,,280756332733,,850.0,0.0,634623.51,debit,State Bank of India,00000040552115380_000280,,False
00000040552115380,RAVI KUMAR,SBIN0965900,17/06/2023,,POS/8622/BESCOM/MUMBAI 407340865011,,,407340865011,,249.0,0.0,634374.51,debit,State Bank of India,00000040552115380_000281,,False
00000040552115380,RAVI KUMAR,SBIN0965900,18/06/2023,,TO CLEARING-CIT IOCL 918762 780511253632,,,780511253632,,449.0,0.0,633925.51,debit,State Bank of India,00000040552115380_000282,,False
00000040552115380,RAVI KUMAR,SBIN0965900,18/06/2023,,TO CLEARING-CIT PVR CINEMAS 774500 170591131859,,,170591131859,,7800.0,0.0,626125.51,debit,State Bank of India,00000040552115380_000283,,False
00000040552115380,RAVI KUMAR,SBIN0965900,19/06/2023,,TO TRANSFER-UPI/270559999926/anjalirao735@ybl 270559999926,,,270559999926,,310.0,0.0,625815.51,debit,State Bank of India,00000040552115380_000284,,False
00000040552115380,RAVI KUMAR,SBIN0965900,20/06/2023,,TO CLEARING-CIT SWIGGY 072382 764761523402,,,764761523402,,5200.0,0.0,620615.51,debit,State Bank of India,00000040552115380_000285,,False
00000040552115380,RAVI KUMAR,SBIN0965900,21/06/2023,,TO CLEARING-CIT DMART 508048 642442678009,,,642442678009,,449.0,0.0,620166.51,debit,State Bank of India,00000040552115380_000286,,False
00000040552115380,RAVI KUMAR,SBIN0965900,21/06/2023,,ATM WDL/0622/KUKATPALLY 877550302281,,,877550302281,,5200.0,0.0,614966.51,debit,State Bank of India,00000040552115380_000287,,False
00000040552115380,RAVI KUMAR,SBIN0965900,21/06/2023,,ATM WDL/8611/WHITEFIELD 521488759078,,,521488759078,,120.0,0.0,614846.51,debit,State Bank of India,00000040552115380_000288,,False
00000040552115380,RAVI KUMAR,SBIN0965900,22/06/2023,,TO CLEARING-CIT UBER 459866 496957614820,,,496957614820,,120.0,0.0,614726.51,debit,State Bank of India,00000040552115380_000289,,False
00000040552115380,RAVI KUMAR,SBIN0965900,22/06/2023,,ATM WDL/6002/HYDERABAD 820152668042,,,820152668042,,79.0,0.0,614647.51,debit,State Bank of India,00000040552115380_000290,,False
00000040552115380,RAVI KUMAR,SBIN0965900,23/06/2023,,POS/9931/AIRTEL/SECUNDERABAD 456833673737,,,456833673737,,1680.0,0.0,612967.51,debit,State Bank of India,00000040552115380_000291,,False
00000040552115380,RAVI KUMAR,SBIN0965900,24/06/2023,,TO TRANSFER-UPI/018530310313/vikramnair593@okhdfcbank 018530310313,,,018530310313,,79.0,0.0,612888.51,debit,State Bank of India,00000040552115380_000292,,False
00000040552115380,RAVI KUMAR,SBIN0965900,24/06/2023,,POS/0310/JIO/INDIRANAGAR 328820846778,,,328820846778,,1680.0,0.0,611208.51,debit,State Bank of India,00000040552115380_000293,,False
00000040552115380,RAVI KUMAR,SBIN0965900,25/06/2023,,CREDIT INTEREST CAPITALISED 750132355609,,,750132355609,,0.0,113.53,611322.04,credit,State Bank of India,00000040552115380_000294,,False
00000040552115380,RAVI KUMAR,SBIN0965900,25/06/2023,,GST ON BANK CHARGES 447931925946,,,447931925946,,17.7,0.0,611304.34,debit,State Bank of India,00000040552115380_000295,,False
00000040552115380,RAVI KUMAR,SBIN0965900,25/06/2023,,POS/1846/AIRTEL/MARATHAHALLI 766730150696,,,766730150696,,49.0,0.0,611255.34,debit,State Bank of India,00000040552115380_000296,,False
00000040552115380,RAVI KUMAR,SBIN0965900,27/06/2023,,POS/8387/BESCOM/MUMBAI 813579685433,,,813579685433,,5200.0,0.0,606055.34,debit,State Bank of India,00000040552115380_000297,,False
00000040552115380,RAVI KUMAR,SBIN0965900,29/06/2023,,TO TRANSFER-UPI/076041048161/sunilshett45@ybl 076041048161,,,076041048161,,249.0,0.0,605806.34,debit,State Bank of India,00000040552115380_000298,,False
00000040552115380,RAVI KUMAR,SBIN0965900,01/07/2023,,POS/6660/OLA/MARATHAHALLI 708581837538,,,708581837538,,310.0,0.0,605496.34,debit,State Bank of India,00000040552115380_000299,,False
00000040552115380,RAVI KUMAR,SBIN0965900,02/07/2023,,ATM WDL/8321/MYSURU 371382583569,,,371382583569,,2380.0,0.0,603116.34,debit,State Bank of India,00000040552115380_000300,,False
00000040552115380,RAVI KUMAR,SBIN0965900,02/07/2023,,POS/8097/HPCL/JAYANAGAR 029279907857,,,029279907857,,699.0,0.0,602417.34,debit,State Bank of India,00000040552115380_000301,,False
00000040552115380,RAVI KUMAR,SBIN0965900,03/07/2023,,BY TRANSFER-2416354602596 SALARY RAVI KUMAR 807005826194,,,2416354602596,,0.0,44250.0,646667.34,credit,State Bank of India,00000040552115380_000302,,False
00000040552115380,RAVI KUMAR,SBIN0965900,03/07/2023,,TO CLEARING-CIT RELIANCE FRESH 930895 423028240676,,,423028240676,,3499.0,0.0,643168.34,debit,State Bank of India,00000040552115380_000303,,False
00000040552115380,RAVI KUMAR,SBIN0965900,04/07/2023,,POS/3675/IOCL/MUMBAI 309819658870,,,309819658870,,79.0,0.0,643089.34,debit,State Bank of India,00000040552115380_000304,,False
00000040552115380,RAVI KUMAR,SBIN0965900,05/07/2023,,POS/7550/SWIGGY/PUNE 588224497604,,,588224497604,,120.0,0.0,642969.34,debit,State Bank of India,00000040552115380_000305,,False
00000040552115380,RAVI KUMAR,SBIN0965900,06/07/2023,,TO CLEARING-CIT ZOMATO 578798 832926034625,,,832926034625,,79.0,0.0,642890.34,debit,State Bank of India,00000040552115380_000306,,False
00000040552115380,RAVI KUMAR,SBIN0965900,06/07/2023,,NEFT DR-HDFC0680042-RESHMA KHAN-818924135640-RENT 415119349240,,,818924135640,,26500.0,0.0,616390.34,debit,State Bank of India,00000040552115380_000307,,False
00000040552115380,RAVI KUMAR,SBIN0965900,06/07/2023,,ATM WDL/4348/BANJARA HILLS 575490467697,,,575490467697,,49.0,0.0,616341.34,debit,State Bank of India,00000040552115380_000308,,False
00000040552115380,RAVI KUMAR,SBIN0965900,07/07/2023,,BY TRANSFER-INB IMPS561642220371/0418365808/XX3372/Remitly Tr- MAC1439353654,,,561642220371,,0.0,1200.0,617541.34,credit,State Bank of India,00000040552115380_000309,,False
00000040552115380,RAVI KUMAR,SBIN0965900,07/07/2023,,NEFT-828496324329-SOUTHERN RETAILS-REIMB-115380-HDFC0697599 953115829370,,,828496324329,,0.0,18500.0,636041.34,credit,State Bank of India,00000040552115380_000310,,False
00000040552115380,RAVI KUMAR,SBIN0965900,09/07/2023,,BY TRANSFER-INB IMPS362853601865/7667346074/XX0755/Remitly Tr- MAC0228867107,,,362853601865,,0.0,2500.0,638541.34,credit,State Bank of India,00000040552115380_000311,,False
00000040552115380,RAVI KUMAR,SBIN0965900,09/07/2023,,ATM WDL/3141/WHITEFIELD 751731222474,,,751731222474,,49.0,0.0,638492.34,debit,State Bank of India,00000040552115380_000312,,False
00000040552115380,RAVI KUMAR,SBIN0965900,09/07/2023,,POS/7579/HPCL/PUNE 065215598878,,,065215598878,,1680.0,0.0,636812.34,debit,State Bank of India,00000040552115380_000313,,False
00000040552115380,RAVI KUMAR,SBIN0965900,10/07/2023,,TO TRANSFER-UPI/662501254888/harishmeno928@ybl 662501254888,,,662501254888,,3499.0,0.0,633313.34,debit,State Bank of India,00000040552115380_000314,,False
00000040552115380,RAVI KUMAR,SBIN0965900,10/07/2023,,ATM WDL/3943/KORAMANGALA 396489344184,,,396489344184,,999.0,0.0,632314.34,debit,State Bank of India,00000040552115380_000315,,False
00000040552115380,RAVI KUMAR,SBIN0965900,12/07/2023,,ATM WDL/8018/BANJARA HILLS 873657773229,,,873657773229,,49.0,0.0,632265.34,debit,State Bank of India,00000040552115380_000316,,False
00000040552115380,RAVI KUMAR,SBIN0965900,12/07/2023,,POS/1644/OLA/MARATHAHALLI 674825654192,,,674825654192,,850.0,0.0,631415.34,debit,State Bank of India,00000040552115380_000317,,False
00000040552115380,RAVI KUMAR,SBIN0965900,12/07/2023,,BY TRANSFER-INB IMPS579686109101/4031009319/XX8014/Remitly Tr- MAC4303999165,,,579686109101,,0.0,1200.0,632615.34,credit,State Bank of India,00000040552115380_000318,,False
00000040552115380,RAVI KUMAR,SBIN0965900,12/07/2023,,POS/8878/BOOKMYSHOW/INDIRANAGAR 343322538804,,,343322538804,,79.0,0.0,632536.34,debit,State Bank of India,00000040552115380_000319,,False
00000040552115380,RAVI KUMAR,SBIN0965900,13/07/2023,,ATM WDL/7085/BANJARA HILLS 829148153188,,,829148153188,,310.0,0.0,632226.34,debit,State Bank of India,00000040552115380_000320,,False
00000040552115380,RAVI KUMAR,SBIN0965900,13/07/2023,,BY TRANSFER-INB IMPS167780239874/0712846549/XX0523/Remitly Tr- MAC9865891877,,,167780239874,,0.0,500.0,632726.34,credit,State Bank of India,00000040552115380_000321,,False
00000040552115380,RAVI KUMAR,SBIN0965900,13/07/2023,,TO CLEARING-CIT APOLLO PHARMACY 133136 837968165531,,,837968165531,,79.0,0.0,632647.34,debit,State Bank of India,00000040552115380_000322,,False
00000040552115380,RAVI KUMAR,SBIN0965900,14/07/2023,,TO CLEARING-CIT IOCL 550567 980629947913,,,980629947913,,1680.0,0.0,630967.34,debit,State Bank of India,00000040552115380_000323,,False
00000040552115380,RAVI KUMAR,SBIN0965900,15/07/2023,,POS/6604/AMAZON/SECUNDERABAD 918915403805,,,918915403805,,1680.0,0.0,629287.34,debit,State Bank of India,00000040552115380_000324,,False
00000040552115380,RAVI KUMAR,SBIN0965900,16/07/2023,,ATM WDL/0048/MANGALURU 753589101734,,,753589101734,,79.0,0.0,629208.34,debit,State Bank of India,00000040552115380_000325,,False
00000040552115380,RAVI KUMAR,SBIN0965900,16/07/2023,,TO TRANSFER-UPI/339121829546/anjalirao219@oksbi 339121829546,,,339121829546,,79.0,0.0,629129.34,debit,State Bank of India,00000040552115380_000326,,False
00000040552115380,RAVI KUMAR,SBIN0965900,16/07/2023,,TO TRANSFER-UPI/541448092689/harishmeno817@paytm 541448092689,,,541448092689,,310.0,0.0,628819.34,debit,State Bank of India,00000040552115380_000327,,False
00000040552115380,RAVI KUMAR,SBIN0965900,19/07/2023,,BY TRANSFER-INB IMPS218181161349/4919949872/XX6980/Remitly Tr- MAC4393302394,,,218181161349,,0.0,18500.0,647319.34,credit,State Bank of India,00000040552115380_000328,,False
00000040552115380,RAVI KUMAR,SBIN0965900,20/07/2023,,BY TRANSFER-INB IMPS193276098160/6217266769/XX0430/Remitly Tr- MAC2833399982,,,193276098160,,0.0,2500.0,649819.34,credit,State Bank of India,00000040552115380_000329,,False
00000040552115380,RAVI KUMAR,SBIN0965900,20/07/2023,,TO CLEARING-CIT PVR CINEMAS 015124 500089947222,,,500089947222,,5200.0,0.0,644619.34,debit,State Bank of India,00000040552115380_000330,,False
00000040552115380,RAVI KUMAR,SBIN0965900,21/07/2023,,BY TRANSFER-INB IMPS967047384776/6930130210/XX5598/Remitly Tr- MAC4617215409,,,967047384776,,0.0,4800.0,649419.34,credit,State Bank of India,00000040552115380_000331,,False
00000040552115380,RAVI KUMAR,SBIN0965900,21/07/2023,,ATM WDL/0571/MUMBAI 835775139504,,,835775139504,,249.0,0.0,649170.34,debit,State Bank of India,00000040552115380_000332,,False
00000040552115380,RAVI KUMAR,SBIN0965900,21/07/2023,,TO CLEARING-CIT BESCOM 805756 700335348066,,,700335348066,,699.0,0.0,648471.34,debit,State Bank of India,00000040552115380_000333,,False
00000040552115380,RAVI KUMAR,SBIN0965900,22/07/2023,,TO CLEARING-CIT AMAZON 485511 672984075471,,,672984075471,,999.0,0.0,647472.34,debit,State Bank of India,00000040552115380_000334,,False
00000040552115380,RAVI KUMAR,SBIN0965900,22/07/2023,,BY TRANSFER-INB IMPS142582361953/7719768718/XX2536/Remitly Tr- MAC1993873149,,,142582361953,,0.0,24000.0,671472.34,credit,State Bank of India,00000040552115380_000335,,False
00000040552115380,RAVI KUMAR,SBIN0965900,24/07/2023,,TO CLEARING-CIT AMAZON 537488 841479559963,,,841479559963,,79.0,0.0,671393.34,debit,State Bank of India,00000040552115380_000336,,False
00000040552115380,RAVI KUMAR,SBIN0965900,24/07/2023,,TO CLEARING-CIT IOCL 588038 413355429379,,,413355429379,,3499.0,0.0,667894.34,debit,State Bank of India,00000040552115380_000337,,False
00000040552115380,RAVI KUMAR,SBIN0965900,25/07/2023,,POS/4717/HPCL/BTM LAYOUT 211122410530,,,211122410530,,79.0,0.0,667815.34,debit,State Bank of India,00000040552115380_000338,,False
00000040552115380,RAVI KUMAR,SBIN0965900,25/07/2023,,POS/2976/MEDPLUS/JAYANAGAR 452622527244,,,452622527244,,3499.0,0.0,664316.34,debit,State Bank of India,00000040552115380_000339,,False
00000040552115380,RAVI KUMAR,SBIN0965900,26/07/2023,,TO CLEARING-CIT IOCL 544079 821422660918,,,821422660918,,1680.0,0.0,662636.34,debit,State Bank of India,00000040552115380_000340,,False
00000040552115380,RAVI KUMAR,SBIN0965900,26/07/2023,,ATM WDL/4776/SECUNDERABAD 147634833131,,,147634833131,,249.0,0.0,662387.34,debit,State Bank of India,00000040552115380_000341,,False
00000040552115380,RAVI KUMAR,SBIN0965900,26/07/2023,,ATM WDL/4346/MYSURU 367270220094,,,367270220094,,7800.0,0.0,654587.34,debit,State Bank of India,00000040552115380_000342,,False
00000040552115380,RAVI KUMAR,SBIN0965900,27/07/2023,,TO TRANSFER-UPI/090984406169/tarageorge804@ybl 090984406169,,,090984406169,,5200.0,0.0,649387.34,debit,State Bank of India,00000040552115380_000343,,False
00000040552115380,RAVI KUMAR,SBIN0965900,27/07/2023,,BY TRANSFER-INB IMPS171341919306/8287629916/XX0839/Remitly Tr- MAC0016855527,,,171341919306,,0.0,11200.0,660587.34,credit,State Bank of India,00000040552115380_000344,,False
00000040552115380,RAVI KUMAR,SBIN0965900,28/07/2023,,BY TRANSFER-INB IMPS658367700492/1712321600/XX7936/Remitly Tr- MAC3130598608,,,658367700492,,0.0,850.0,661437.34,credit,State Bank of India,00000040552115380_000345,,False
00000040552115380,RAVI KUMAR,SBIN0965900,29/07/2023,,BY TRANSFER-INB IMPS054473274401/5045532394/XX0286/Remitly Tr- MAC6554735523,,,054473274401,,0.0,24000.0,685437.34,credit,State Bank of India,00000040552115380_000346,,False
00000040552115380,RAVI KUMAR,SBIN0965900,29/07/2023,,TO CLEARING-CIT BOOKMYSHOW 914950 667793469284,,,667793469284,,850.0,0.0,684587.34,debit,State Bank of India,00000040552115380_000347,,False
00000040552115380,RAVI KUMAR,SBIN0965900,01/08/2023,,ATM WDL/2401/MUMBAI 098886770653,,,098886770653,,999.0,0.0,683588.34,debit,State Bank of India,00000040552115380_000348,,False
00000040552115380,RAVI KUMAR,SBIN0965900,01/08/2023,,BY TRANSFER-6911994535714 SALARY RAVI KUMAR 797976389988,,,6911994535714,,0.0,45500.0,729088.34,credit,State Bank of India,00000040552115380_000349,,False
00000040552115380,RAVI KUMAR,SBIN0965900,01/08/2023,,BY TRANSFER-INB IMPS233018880933/7134635030/XX5207/Remitly Tr- MAC5040482367,,,233018880933,,0.0,2500.0,731588.34,credit,State Bank of India,00000040552115380_000350,,False
00000040552115380,RAVI KUMAR,SBIN0965900,02/08/2023,,BY TRANSFER-INB IMPS402239713634/1109991377/XX1999/Remitly Tr- MAC7270194817,,,402239713634,,0.0,11200.0,742788.34,credit,State Bank of India,00000040552115380_000351,,False
00000040552115380,RAVI KUMAR,SBIN0965900,03/08/2023,,BY TRANSFER-INB IMPS230524138342/9763956867/XX1348/Remitly Tr- MAC5532600716,,,230524138342,,0.0,500.0,743288.34,credit,State Bank of India,00000040552115380_000352,,False
00000040552115380,RAVI KUMAR,SBIN0965900,03/08/2023,,TO CLEARING-CIT BOOKMYSHOW 554466 350647697896,,,350647697896,,5200.0,0.0,738088.34,debit,State Bank of India,00000040552115380_000353,,False
00000040552115380,RAVI KUMAR,SBIN0965900,06/08/2023,,POS/2615/PVR CINEMAS/KUKATPALLY 041479331140,,,041479331140,,310.0,0.0,737778.34,debit,State Bank of India,00000040552115380_000354,,False
00000040552115380,RAVI KUMAR,SBIN0965900,06/08/2023,,TO CLEARING-CIT RELIANCE FRESH 063391 316255111238,,,316255111238,,449.0,0.0,737329.34,debit,State Bank of India,00000040552115380_000355,,False
00000040552115380,RAVI KUMAR,SBIN0965900,07/08/2023,,NEFT DR-HDFC0029176-TARA GEORGE-363250505410-RENT 409362011962,,,363250505410,,18000.0,0.0,719329.34,debit,State Bank of India,00000040552115380_000356,,False
00000040552115380,RAVI KUMAR,SBIN0965900,07/08/2023,,TO CLEARING-CIT JIO 968060 567601477832,,,567601477832,,310.0,0.0,719019.34,debit,State Bank of India,00000040552115380_000357,,False
00000040552115380,RAVI KUMAR,SBIN0965900,08/08/2023,,POS/6950/AIRTEL/HYDERABAD 268941745655,,,268941745655,,3499.0,0.0,715520.34,debit,State Bank of India,00000040552115380_000358,,False
00000040552115380,RAVI KUMAR,SBIN0965900,08/08/2023,,BY TRANSFER-INB IMPS987015893598/8752810989/XX5005/Remitly Tr- MAC6571226990,,,987015893598,,0.0,24000.0,739520.34,credit,State Bank of India,00000040552115380_000359,,False
00000040552115380,RAVI KUMAR,SBIN0965900,08/08/2023,,TO CLEARING-CIT AMAZON 672932 809071888985,,,809071888985,,310.0,0.0,739210.34,debit,State Bank of India,00000040552115380_000360,,False
00000040552115380,RAVI KUMAR,SBIN0965900,10/08/2023,,ATM WDL/6253/INDIRANAGAR 287365646320,,,287365646320,,120.0,0.0,739090.34,debit,State Bank of India,00000040552115380_000361,,False
00000040552115380,RAVI KUMAR,SBIN0965900,12/08/2023,,BY TRANSFER-INB IMPS771781147306/5288017479/XX1639/Remitly Tr- MAC5206268774,,,771781147306,,0.0,11200.0,750290.34,credit,State Bank of India,00000040552115380_000362,,False
00000040552115380,RAVI KUMAR,SBIN0965900,13/08/2023,,ATM WDL/7692/KUKATPALLY 589372633314,,,589372633314,,249.0,0.0,750041.34,debit,State Bank of India,00000040552115380_000363,,False
00000040552115380,RAVI KUMAR,SBIN0965900,13/08/2023,,TO TRANSFER-UPI/331411205116/anjalirao903@ybl 331411205116,,,331411205116,,999.0,0.0,749042.34,debit,State Bank of India,00000040552115380_000364,,False
00000040552115380,RAVI KUMAR,SBIN0965900,13/08/2023,,ATM WDL/8945/MANGALURU 198418708926,,,198418708926,,249.0,0.0,748793.34,debit,State Bank of India,00000040552115380_000365,,False
00000040552115380,RAVI KUMAR,SBIN0965900,15/08/2023,,ATM WDL/8703/BTM LAYOUT 513440090144,,,513440090144,,1680.0,0.0,747113.34,debit,State Bank of India,00000040552115380_000366,,False
00000040552115380,RAVI KUMAR,SBIN0965900,16/08/2023,,BY TRANSFER-INB IMPS173449505008/9311622146/XX4993/Remitly Tr- MAC3464995251,,,173449505008,,0.0,500.0,747613.34,credit,State Bank of India,00000040552115380_000367,,False
00000040552115380,RAVI KUMAR,SBIN0965900,18/08/2023,,TO TRANSFER-UPI/454156483618/vinaypatil437@paytm 454156483618,,,454156483618,,850.0,0.0,746763.34,debit,State Bank of India,00000040552115380_000368,,False
00000040552115380,RAVI KUMAR,SBIN0965900,22/08/2023,,TO CLEARING-CIT FLIPKART 877998 780899983315,,,780899983315,,1250.0,0.0,745513.34,debit,State Bank of India,00000040552115380_000369,,False
00000040552115380,RAVI KUMAR,SBIN0965900,22/08/2023,,TO CLEARING-CIT FLIPKART 527686 478941785746,,,478941785746,,449.0,0.0,745064.34,debit,State Bank of India,00000040552115380_000370,,False
00000040552115380,RAVI KUMAR,SBIN0965900,24/08/2023,,BY TRANSFER-INB IMPS962995895346/4418759239/XX5544/Remitly Tr- MAC0039695468,,,962995895346,,0.0,850.0,745914.34,credit,State Bank of India,00000040552115380_000371,,False
00000040552115380,RAVI KUMAR,SBIN0965900,24/08/2023,,TO CLEARING-CIT FLIPKART 763264 208500196238,,,208500196238,,699.0,0.0,745215.34,debit,State Bank of India,00000040552115380_000372,,False
00000040552115380,RAVI KUMAR,SBIN0965900,26/08/2023,,TO CLEARING-CIT PVR CINEMAS 212536 830587914208,,,830587914208,,999.0,0.0,744216.34,debit,State Bank of India,00000040552115380_000373,,False
00000040552115380,RAVI KUMAR,SBIN0965900,26/08/2023,,ATM WDL/0789/WHITEFIELD 229518099062,,,229518099062,,249.0,0.0,743967.34,debit,State Bank of India,00000040552115380_000374,,False
00000040552115380,RAVI KUMAR,SBIN0965900,26/08/2023,,BY TRANSFER-INB IMPS614655668166/7831525725/XX2356/Remitly Tr- MAC2073253072,,,614655668166,,0.0,4800.0,748767.34,credit,State Bank of India,00000040552115380_000375,,False
00000040552115380,RAVI KUMAR,SBIN0965900,27/08/2023,,TO CLEARING-CIT IRCTC 255097 311267603745,,,311267603745,,79.0,0.0,748688.34,debit,State Bank of India,00000040552115380_000376,,False
00000040552115380,RAVI KUMAR,SBIN0965900,27/08/2023,,TO CLEARING-CIT APOLLO PHARMACY 092355 239971947086,,,239971947086,,3499.0,0.0,745189.34,debit,State Bank of India,00000040552115380_000377,,False
00000040552115380,RAVI KUMAR,SBIN0965900,27/08/2023,,NEFT-927355955016-SOUTHERN RETAILS-REIMB-115380-HDFC0689299 392837499561,,,927355955016,,0.0,12000.0,757189.34,credit,State Bank of India,00000040552115380_000378,,False
00000040552115380,RAVI KUMAR,SBIN0965900,29/08/2023,,TO CLEARING-CIT BESCOM 896269 456084752913,,,456084752913,,449.0,0.0,756740.34,debit,State Bank of India,00000040552115380_000379,,False
00000040552115380,RAVI KUMAR,SBIN0965900,30/08/2023,,ATM WDL/9484/HSR LAYOUT 670281934201,,,670281934201,,249.0,0.0,756491.34,debit,State Bank of India,00000040552115380_000380,,False
00000040552115380,RAVI KUMAR,SBIN0965900,31/08/2023,,BY TRANSFER-INB IMPS043512498300/5166060508/XX1214/Remitly Tr- MAC4452965524,,,043512498300,,0.0,24000.0,780491.34,credit,State Bank of India,00000040552115380_000381,,False
00000040552115380,RAVI KUMAR,SBIN0965900,31/08/2023,,ATM WDL/9799/BANJARA HILLS 564674078299,,,564674078299,,3499.0,0.0,776992.34,debit,State Bank of India,00000040552115380_000382,,False
00000040552115380,RAVI KUMAR,SBIN0965900,01/09/2023,,TO CLEARING-CIT APOLLO PHARMACY 186920 988800251963,,,988800251963,,699.0,0.0,776293.34,debit,State Bank of India,00000040552115380_000383,,False
00000040552115380,RAVI KUMAR,SBIN0965900,01/09/2023,,BY TRANSFER-5699482247415 SALARY RAVI KUMAR 731101454135,,,5699482247415,,0.0,45500.0,821793.34,credit,State Bank of India,00000040552115380_000384,,False
00000040552115380,RAVI KUMAR,SBIN0965900,01/09/2023,,BY TRANSFER-INB IMPS174643054123/7896572171/XX1289/Remitly Tr- MAC6767420212,,,174643054123,,0.0,850.0,822643.34,credit,State Bank of India,00000040552115380_000385,,False
00000040552115380,RAVI KUMAR,SBIN0965900,01/09/2023,,BY TRANSFER-INB IMPS893849333550/1607723425/XX0547/Remitly Tr- MAC6060190392,,,893849333550,,0.0,4800.0,827443.34,credit,State Bank of India,00000040552115380_000386,,False
00000040552115380,RAVI KUMAR,SBIN0965900,02/09/2023,,ATM WDL/1526/MUMBAI 749187480532,,,749187480532,,449.0,0.0,826994.34,debit,State Bank of India,00000040552115380_000387,,False
00000040552115380,RAVI KUMAR,SBIN0965900,03/09/2023,,NEFT DR-HDFC0857783-MEERA PILLAI-424809947368-RENT 005018236462,,,424809947368,,18000.0,0.0,808994.34,debit,State Bank of India,00000040552115380_000388,,False
00000040552115380,RAVI KUMAR,SBIN0965900,03/09/2023,,TO CLEARING-CIT AMAZON 833277 513254389356,,,513254389356,,1680.0,0.0,807314.34,debit,State Bank of India,00000040552115380_000389,,False
00000040552115380,RAVI KUMAR,SBIN0965900,04/09/2023,,TO TRANSFER-UPI/788731152095/santoshiye189@okaxis 788731152095,,,788731152095,,1680.0,0.0,805634.34,debit,State Bank of India,00000040552115380_000390,,False
00000040552115380,RAVI KUMAR,SBIN0965900,05/09/2023,,BY TRANSFER-INB IMPS819865078807/5775700282/XX5644/Remitly Tr- MAC0610906391,,,819865078807,,0.0,18500.0,824134.34,credit,State Bank of India,00000040552115380_000391,,False
00000040552115380,RAVI KUMAR,SBIN0965900,05/09/2023,,TO CLEARING-CIT MEDPLUS 119409 982904609917,,,982904609917,,310.0,0.0,823824.34,debit,State Bank of India,00000040552115380_000392,,False
00000040552115380,RAVI KUMAR,SBIN0965900,06/09/2023,,TO TRANSFER-UPI/305408502545/smitharao145@okhdfcbank 305408502545,,,305408502545,,999.0,0.0,822825.34,debit,State Bank of India,00000040552115380_000393,,False
00000040552115380,RAVI KUMAR,SBIN0965900,06/09/2023,,BY TRANSFER-INB IMPS663021356424/6358643125/XX4423/Remitly Tr- MAC6974199216,,,663021356424,,0.0,18500.0,841325.34,credit,State Bank of India,00000040552115380_000394,,False
00000040552115380,RAVI KUMAR,SBIN0965900,07/09/2023,,TO TRANSFER-UPI/712147825886/rahulsingh513@oksbi 712147825886,,,712147825886,,310.0,0.0,841015.34,debit,State Bank of India,00000040552115380_000395,,False
00000040552115380,RAVI KUMAR,SBIN0965900,07/09/2023,,ATM WDL/3056/MYSURU 215382414769,,,215382414769,,850.0,0.0,840165.34,debit,State Bank of India,00000040552115380_000396,,False
00000040552115380,RAVI KUMAR,SBIN0965900,08/09/2023,,TO TRANSFER-UPI/991942233582/kavyareddy976@oksbi 991942233582,,,991942233582,,5200.0,0.0,834965.34,debit,State Bank of India,00000040552115380_000397,,False
00000040552115380,RAVI KUMAR,SBIN0965900,08/09/2023,,BY TRANSFER-INB IMPS123494911250/4944214040/XX5880/Remitly Tr- MAC5795950839,,,123494911250,,0.0,18500.0,853465.34,credit,State Bank of India,00000040552115380_000398,,False
00000040552115380,RAVI KUMAR,SBIN0965900,09/09/2023,,TO CLEARING-CIT MEDPLUS 146520 664025876073,,,664025876073,,249.0,0.0,853216.34,debit,State Bank of India,00000040552115380_000399,,False
00000040552115380,RAVI KUMAR,SBIN0965900,09/09/2023,,POS/6784/IOCL/KUKATPALLY 306510130636,,,306510130636,,1250.0,0.0,851966.34,debit,State Bank of India,00000040552115380_000400,,False
00000040552115380,RAVI KUMAR,SBIN0965900,10/09/2023,,POS/1867/SWIGGY/BANJARA HILLS 478894135873,,,478894135873,,49.0,0.0,851917.34,debit,State Bank of India,00000040552115380_000401,,False
00000040552115380,RAVI KUMAR,SBIN0965900,11/09/2023,,BY TRANSFER-INB IMPS791548757131/4646512943/XX9579/Remitly Tr- MAC2981981346,,,791548757131,,0.0,1200.0,853117.34,credit,State Bank of India,00000040552115380_000402,,False
00000040552115380,RAVI KUMAR,SBIN0965900,12/09/2023,,BY TRANSFER-INB IMPS500277526730/0824205632/XX6940/Remitly Tr- MAC8205912958,,,500277526730,,0.0,2500.0,855617.34,credit,State Bank of India,00000040552115380_000403,,False
00000040552115380,RAVI KUMAR,SBIN0965900,12/09/2023,,TO CLEARING-CIT HPCL 513659 381513714953,,,381513714953,,999.0,0.0,854618.34,debit,State Bank of India,00000040552115380_000404,,False
00000040552115380,RAVI KUMAR,SBIN0965900,12/09/2023,,TO CLEARING-CIT IOCL 072680 477636787155,,,477636787155,,3499.0,0.0,851119.34,debit,State Bank of India,00000040552115380_000405,,False
00000040552115380,RAVI KUMAR,SBIN0965900,14/09/2023,,TO TRANSFER-UPI/285079794206/gopalnaik368@oksbi 285079794206,,,285079794206,,449.0,0.0,850670.34,debit,State Bank of India,00000040552115380_000406,,False
00000040552115380,RAVI KUMAR,SBIN0965900,14/09/2023,,ATM WDL/4241/WHITEFIELD 588499907976,,,588499907976,,3499.0,0.0,847171.34,debit,State Bank of India,00000040552115380_000407,,False
00000040552115380,RAVI KUMAR,SBIN0965900,14/09/2023,,TO CLEARING-CIT BPCL 099531 690446626406,,,690446626406,,1250.0,0.0,845921.34,debit,State Bank of India,00000040552115380_000408,,False
00000040552115380,RAVI KUMAR,SBIN0965900,15/09/2023,,POS/9901/ZOMATO/MARATHAHALLI 360364474929,,,360364474929,,1250.0,0.0,844671.34,debit,State Bank of India,00000040552115380_000409,,False
00000040552115380,RAVI KUMAR,SBIN0965900,15/09/2023,,TO CLEARING-CIT UBER 220961 609680214636,,,609680214636,,120.0,0.0,844551.34,debit,State Bank of India,00000040552115380_000410,,False
00000040552115380,RAVI KUMAR,SBIN0965900,15/09/2023,,POS/2110/HPCL/SECUNDERABAD 858268008759,,,858268008759,,850.0,0.0,843701.34,debit,State Bank of India,00000040552115380_000411,,False
00000040552115380,RAVI KUMAR,SBIN0965900,15/09/2023,,POS/8877/SWIGGY/KUKATPALLY 685508231893,,,685508231893,,1250.0,0.0,842451.34,debit,State Bank of India,00000040552115380_000412,,False
00000040552115380,RAVI KUMAR,SBIN0965900,16/09/2023,,ATM WDL/3939/SECUNDERABAD 319504709741,,,319504709741,,999.0,0.0,841452.34,debit,State Bank of India,00000040552115380_000413,,False
00000040552115380,RAVI KUMAR,SBIN0965900,16/09/2023,,BY TRANSFER-INB IMPS315619589219/7543043341/XX8450/Remitly Tr- MAC4576133769,,,315619589219,,0.0,500.0,841952.34,credit,State Bank of India,00000040552115380_000414,,False
00000040552115380,RAVI KUMAR,SBIN0965900,16/09/2023,,TO CLEARING-CIT SWIGGY 856750 682726427393,,,682726427393,,7800.0,0.0,834152.34,debit,State Bank of India,00000040552115380_000415,,False
00000040552115380,RAVI KUMAR,SBIN0965900,17/09/2023,,BY TRANSFER-INB IMPS362161780625/0944797733/XX3344/Remitly Tr- MAC9653854416,,,362161780625,,0.0,24000.0,858152.34,credit,State Bank of India,00000040552115380_000416,,False
00000040552115380,RAVI KUMAR,SBIN0965900,17/09/2023,,TO CLEARING-CIT AMAZON 520602 683323049193,,,683323049193,,699.0,0.0,857453.34,debit,State Bank of India,00000040552115380_000417,,False
00000040552115380,RAVI KUMAR,SBIN0965900,18/09/2023,,TO CLEARING-CIT PVR CINEMAS 752392 263168748221,,,263168748221,,49.0,0.0,857404.34,debit,State Bank of India,00000040552115380_000418,,False
00000040552115380,RAVI KUMAR,SBIN0965900,20/09/2023,,TO TRANSFER-UPI/214770493813/farhankhan53@ybl 214770493813,,,214770493813,,999.0,0.0,856405.34,debit,State Bank of India,00000040552115380_000419,,False
00000040552115380,RAVI KUMAR,SBIN0965900,20/09/2023,,BY TRANSFER-INB IMPS452101083956/8690603637/XX1278/Remitly Tr- MAC7067849890,,,452101083956,,0.0,7500.0,863905.34,credit,State Bank of India,00000040552115380_000420,,False
00000040552115380,RAVI KUMAR,SBIN0965900,21/09/2023,,ATM WDL/1595/WHITEFIELD 320136825464,,,320136825464,,449.0,0.0,863456.34,debit,State Bank of India,00000040552115380_000421,,False
00000040552115380,RAVI KUMAR,SBIN0965900,22/09/2023,,POS/9984/FLIPKART/INDIRANAGAR 703600014968,,,703600014968,,7800.0,0.0,855656.34,debit,State Bank of India,00000040552115380_000422,,False
00000040552115380,RAVI KUMAR,SBIN0965900,23/09/2023,,TO CLEARING-CIT HPCL 858206 590122210841,,,590122210841,,699.0,0.0,854957.34,debit,State Bank of India,00000040552115380_000423,,False
00000040552115380,RAVI KUMAR,SBIN0965900,23/09/2023,,TO CLEARING-CIT RELIANCE FRESH 010210 709676236030,,,709676236030,,1250.0,0.0,853707.34,debit,State Bank of India,00000040552115380_000424,,False
00000040552115380,RAVI KUMAR,SBIN0965900,24/09/2023,,BY TRANSFER-INB IMPS318267829701/8143379360/XX1158/Remitly Tr- MAC0352955190,,,318267829701,,0.0,24000.0,877707.34,credit,State Bank of India,00000040552115380_000425,,False
00000040552115380,RAVI KUMAR,SBIN0965900,24/09/2023,,TO TRANSFER-UPI/726025358641/arjunmehta111@ybl 726025358641,,,726025358641,,850.0,0.0,876857.34,debit,State Bank of India,00000040552115380_000426,,False
00000040552115380,RAVI KUMAR,SBIN0965900,25/09/2023,,CREDIT INTEREST CAPITALISED 218430309820,,,218430309820,,0.0,79.95,876937.29,credit,State Bank of India,00000040552115380_000427,,False
00000040552115380,RAVI KUMAR,SBIN0965900,25/09/2023,,GST ON BANK CHARGES 044805823015,,,044805823015,,17.7,0.0,876919.59,debit,State Bank of India,00000040552115380_000428,,False
00000040552115380,RAVI KUMAR,SBIN0965900,25/09/2023,,POS/3759/IOCL/MARATHAHALLI 249683114083,,,249683114083,,1680.0,0.0,875239.59,debit,State Bank of India,00000040552115380_000429,,False
00000040552115380,RAVI KUMAR,SBIN0965900,26/09/2023,,POS/6109/AIRTEL/MANGALURU 719981754770,,,719981754770,,249.0,0.0,874990.59,debit,State Bank of India,00000040552115380_000430,,False
00000040552115380,RAVI KUMAR,SBIN0965900,27/09/2023,,ATM WDL/0921/WHITEFIELD 716291528574,,,716291528574,,120.0,0.0,874870.59,debit,State Bank of India,00000040552115380_000431,,False
00000040552115380,RAVI KUMAR,SBIN0965900,27/09/2023,,TO TRANSFER-UPI/650718045780/naveenkuma745@okhdfcbank 650718045780,,,650718045780,,850.0,0.0,874020.59,debit,State Bank of India,00000040552115380_000432,,False
00000040552115380,RAVI KUMAR,SBIN0965900,27/09/2023,,TO CLEARING-CIT IOCL 984541 993112820562,,,993112820562,,1680.0,0.0,872340.59,debit,State Bank of India,00000040552115380_000433,,False
00000040552115380,RAVI KUMAR,SBIN0965900,27/09/2023,,TO CLEARING-CIT ZOMATO 826617 621834961911,,,621834961911,,120.0,0.0,872220.59,debit,State Bank of India,00000040552115380_000434,,False
00000040552115380,RAVI KUMAR,SBIN0965900,29/09/2023,,TO TRANSFER-UPI/802482998154/kiranreddy954@paytm 802482998154,,,802482998154,,79.0,0.0,872141.59,debit,State Bank of India,00000040552115380_000435,,False
00000040552115380,RAVI KUMAR,SBIN0965900,01/10/2023,,BY TRANSFER-3546643949263 SALARY RAVI KUMAR 613549310195,,,3546643949263,,0.0,45000.0,917141.59,credit,State Bank of India,00000040552115380_000436,,False
00000040552115380,RAVI KUMAR,SBIN0965900,01/10/2023,,BY TRANSFER-INB IMPS581164107720/2405465591/XX5886/Remitly Tr- MAC4296188545,,,581164107720,,0.0,24000.0,941141.59,credit,State Bank of India,00000040552115380_000437,,False
00000040552115380,RAVI KUMAR,SBIN0965900,01/10/2023,,POS/9989/MEDPLUS/INDIRANAGAR 116772628714,,,116772628714,,310.0,0.0,940831.59,debit,State Bank of India,00000040552115380_000438,,False
00000040552115380,RAVI KUMAR,SBIN0965900,01/10/2023,,TO CLEARING-CIT MEDPLUS 361003 384200473455,,,384200473455,,1680.0,0.0,939151.59,debit,State Bank of India,00000040552115380_000439,,False
00000040552115380,RAVI KUMAR,SBIN0965900,02/10/2023,,POS/0380/JIO/MANGALURU 188292123266,,,188292123266,,120.0,0.0,939031.59,debit,State Bank of India,00000040552115380_000440,,False
00000040552115380,RAVI KUMAR,SBIN0965900,02/10/2023,,ATM WDL/9756/JAYANAGAR 132393779648,,,132393779648,,699.0,0.0,938332.59,debit,State Bank of India,00000040552115380_000441,,False
00000040552115380,RAVI KUMAR,SBIN0965900,02/10/2023,,TO CLEARING-CIT BOOKMYSHOW 830872 425622836491,,,425622836491,,449.0,0.0,937883.59,debit,State Bank of India,00000040552115380_000442,,False
00000040552115380,RAVI KUMAR,SBIN0965900,03/10/2023,,TO CLEARING-CIT FLIPKART 387431 689196129688,,,689196129688,,310.0,0.0,937573.59,debit,State Bank of India,00000040552115380_000443,,False
00000040552115380,RAVI KUMAR,SBIN0965900,04/10/2023,,POS/4971/RELIANCE FRESH/JAYANAGAR 017906939654,,,017906939654,,850.0,0.0,936723.59,debit,State Bank of India,00000040552115380_000444,,False
00000040552115380,RAVI KUMAR,SBIN0965900,04/10/2023,,BY TRANSFER-INB IMPS696549237157/2498613415/XX5796/Remitly Tr- MAC7010840956,,,696549237157,,0.0,11200.0,947923.59,credit,State Bank of India,00000040552115380_000445,,False
00000040552115380,RAVI KUMAR,SBIN0965900,04/10/2023,,NEFT DR-HDFC0159346-ARJUN MEHTA-732757076531-RENT 397559865714,,,732757076531,,22000.0,0.0,925923.59,debit,State Bank of India,00000040552115380_000446,,False
00000040552115380,RAVI KUMAR,SBIN0965900,04/10/2023,,ATM WDL/3338/MUMBAI 551984006097,,,551984006097,,999.0,0.0,924924.59,debit,State Bank of India,00000040552115380_000447,,False
00000040552115380,RAVI KUMAR,SBIN0965900,04/10/2023,,TO CLEARING-CIT AMAZON 685163 349822150677,,,349822150677,,310.0,0.0,924614.59,debit,State Bank of India,00000040552115380_000448,,False
00000040552115380,RAVI KUMAR,SBIN0965900,04/10/2023,,NEFT-423888202903-SOUTHERN RETAILS-REIMB-115380-HDFC0982983 686600113093,,,423888202903,,0.0,24000.0,948614.59,credit,State Bank of India,00000040552115380_000449,,False
00000040552115380,RAVI KUMAR,SBIN0965900,05/10/2023,,TO TRANSFER-UPI/730615362313/tarageorge55@ybl 730615362313,,,730615362313,,999.0,0.0,947615.59,debit,State Bank of India,00000040552115380_000450,,False
00000040552115380,RAVI KUMAR,SBIN0965900,08/10/2023,,TO TRANSFER-UPI/372498679850/reshmakhan242@okhdfcbank 372498679850,,,372498679850,,850.0,0.0,946765.59,debit,State Bank of India,00000040552115380_000451,,False
00000040552115380,RAVI KUMAR,SBIN0965900,09/10/2023,,BY TRANSFER-INB IMPS803867703419/8553226867/XX8636/Remitly Tr- MAC6808775537,,,803867703419,,0.0,500.0,947265.59,credit,State Bank of India,00000040552115380_000452,,False
00000040552115380,RAVI KUMAR,SBIN0965900,10/10/2023,,POS/7544/PVR CINEMAS/SECUNDERABAD 748103944019,,,748103944019,,2380.0,0.0,944885.59,debit,State Bank of India,00000040552115380_000453,,False
00000040552115380,RAVI KUMAR,SBIN0965900,11/10/2023,,TO CLEARING-CIT IOCL 236306 301698067954,,,301698067954,,79.0,0.0,944806.59,debit,State Bank of India,00000040552115380_000454,,False
00000040552115380,RAVI KUMAR,SBIN0965900,11/10/2023,,ATM WDL/1346/BTM LAYOUT 024656218864,,,024656218864,,120.0,0.0,944686.59,debit,State Bank of India,00000040552115380_000455,,False
00000040552115380,RAVI KUMAR,SBIN0965900,13/10/2023,,ATM WDL/8365/HYDERABAD 463731871897,,,463731871897,,120.0,0.0,944566.59,debit,State Bank of India,00000040552115380_000456,,False
00000040552115380,RAVI KUMAR,SBIN0965900,14/10/2023,,ATM WDL/0290/JAYANAGAR 222348753715,,,222348753715,,850.0,0.0,943716.59,debit,State Bank of India,00000040552115380_000457,,False
00000040552115380,RAVI KUMAR,SBIN0965900,14/10/2023,,ATM WDL/0589/BANJARA HILLS 733980019483,,,733980019483,,699.0,0.0,943017.59,debit,State Bank of India,00000040552115380_000458,,False
00000040552115380,RAVI KUMAR,SBIN0965900,14/10/2023,,ATM WDL/1161/BANJARA HILLS 506919536634,,,506919536634,,249.0,0.0,942768.59,debit,State Bank of India,00000040552115380_000459,,False
00000040552115380,RAVI KUMAR,SBIN0965900,15/10/2023,,TO TRANSFER-UPI/774334842231/tarageorge328@ybl 774334842231,,,774334842231,,2380.0,0.0,940388.59,debit,State Bank of India,00000040552115380_000460,,False
00000040552115380,RAVI KUMAR,SBIN0965900,15/10/2023,,BY TRANSFER-INB IMPS791776719667/8648396721/XX8765/Remitly Tr- MAC7560627223,,,791776719667,,0.0,18500.0,958888.59,credit,State Bank of India,00000040552115380_000461,,False
00000040552115380,RAVI KUMAR,SBIN0965900,15/10/2023,,BY TRANSFER-INB IMPS798083709168/7796332043/XX8554/Remitly Tr- MAC1731835219,,,798083709168,,0.0,2500.0,961388.59,credit,State Bank of India,00000040552115380_000462,,False
00000040552115380,RAVI KUMAR,SBIN0965900,15/10/2023,,TO TRANSFER-UPI/052916949299/lathadevi21@oksbi 052916949299,,,052916949299,,1680.0,0.0,959708.59,debit,State Bank of India,00000040552115380_000463,,False
00000040552115380,RAVI KUMAR,SBIN0965900,15/10/2023,,TO CLEARING-CIT HPCL 230702 312642297899,,,312642297899,,2380.0,0.0,957328.59,debit,State Bank of India,00000040552115380_000464,,False
00000040552115380,RAVI KUMAR,SBIN0965900,16/10/2023,,TO CLEARING-CIT OLA 972412 293395117286,,,293395117286,,1250.0,0.0,956078.59,debit,State Bank of India,00000040552115380_000465,,False
00000040552115380,RAVI KUMAR,SBIN0965900,16/10/2023,,POS/9965/SWIGGY/HYDERABAD 026650762650,,,026650762650,,699.0,0.0,955379.59,debit,State Bank of India,00000040552115380_000466,,False
00000040552115380,RAVI KUMAR,SBIN0965900,17/10/2023,,BY TRANSFER-INB IMPS056850727252/3731285596/XX9610/Remitly Tr- MAC3504248294,,,056850727252,,0.0,850.0,956229.59,credit,State Bank of India,00000040552115380_000467,,False
00000040552115380,RAVI KUMAR,SBIN0965900,17/10/2023,,ATM WDL/2170/MARATHAHALLI 018723531688,,,018723531688,,3499.0,0.0,952730.59,debit,State Bank of India,00000040552115380_000468,,False
00000040552115380,RAVI KUMAR,SBIN0965900,17/10/2023,,ATM WDL/1429/BTM LAYOUT 123242450472,,,123242450472,,850.0,0.0,951880.59,debit,State Bank of India,00000040552115380_000469,,False
00000040552115380,RAVI KUMAR,SBIN0965900,17/10/2023,,POS/7001/RELIANCE FRESH/MYSURU 230839777628,,,230839777628,,7800.0,0.0,944080.59,debit,State Bank of India,00000040552115380_000470,,False
00000040552115380,RAVI KUMAR,SBIN0965900,18/10/2023,,TO CLEARING-CIT APOLLO PHARMACY 138677 005633000757,,,005633000757,,249.0,0.0,943831.59,debit,State Bank of India,00000040552115380_000471,,False
00000040552115380,RAVI KUMAR,SBIN0965900,18/10/2023,,ATM WDL/8127/HYDERABAD 044848663664,,,044848663664,,5200.0,0.0,938631.59,debit,State Bank of India,00000040552115380_000472,,False
00000040552115380,RAVI KUMAR,SBIN0965900,19/10/2023,,ATM WDL/3384/HSR LAYOUT 627348506720,,,627348506720,,3499.0,0.0,935132.59,debit,State Bank of India,00000040552115380_000473,,False
00000040552115380,RAVI KUMAR,SBIN0965900,19/10/2023,,NEFT-971004136462-SOUTHERN RETAILS-REIMB-115380-HDFC0189608 059146068294,,,971004136462,,0.0,12000.0,947132.59,credit,State Bank of India,00000040552115380_000474,,False
00000040552115380,RAVI KUMAR,SBIN0965900,19/10/2023,,TO TRANSFER-UPI/474678398929/priyanair740@okaxis 474678398929,,,474678398929,,249.0,0.0,946883.59,debit,State Bank of India,00000040552115380_000475,,False
00000040552115380,RAVI KUMAR,SBIN0965900,20/10/2023,,BY TRANSFER-INB IMPS685923800168/8419485646/XX1551/Remitly Tr- MAC0632229894,,,685923800168,,0.0,850.0,947733.59,credit,State Bank of India,00000040552115380_000476,,False
00000040552115380,RAVI KUMAR,SBIN0965900,20/10/2023,,ATM WDL/9116/BANJARA HILLS 112718773531,,,112718773531,,1680.0,0.0,946053.59,debit,State Bank of India,00000040552115380_000477,,False
00000040552115380,RAVI KUMAR,SBIN0965900,21/10/2023,,BY TRANSFER-INB IMPS975531928584/8438619021/XX8157/Remitly Tr- MAC3133380871,,,975531928584,,0.0,4800.0,950853.59,credit,State Bank of India,00000040552115380_000478,,False
00000040552115380,RAVI KUMAR,SBIN0965900,21/10/2023,,TO CLEARING-CIT IRCTC 491437 721447029728,,,721447029728,,120.0,0.0,950733.59,debit,State Bank of India,00000040552115380_000479,,False
00000040552115380,RAVI KUMAR,SBIN0965900,22/10/2023,,BY TRANSFER-INB IMPS264669419186/6130704927/XX2787/Remitly Tr- MAC4168767622,,,264669419186,,0.0,4800.0,955533.59,credit,State Bank of India,00000040552115380_000480,,False
00000040552115380,RAVI KUMAR,SBIN0965900,23/10/2023,,POS/1300/PVR CINEMAS/KORAMANGALA 572529503987,,,572529503987,,1680.0,0.0,953853.59,debit,State Bank of India,00000040552115380_000481,,False
00000040552115380,RAVI KUMAR,SBIN0965900,23/10/2023,,POS/3066/PVR CINEMAS/KORAMANGALA 828595069348,,,828595069348,,1680.0,0.0,952173.59,debit,State Bank of India,00000040552115380_000482,,False
00000040552115380,RAVI KUMAR,SBIN0965900,24/10/2023,,BY TRANSFER-INB IMPS848123656403/5946325553/XX7932/Remitly Tr- MAC3330825092,,,848123656403,,0.0,7500.0,959673.59,credit,State Bank of India,00000040552115380_000483,,False
00000040552115380,RAVI KUMAR,SBIN0965900,25/10/2023,,TO CLEARING-CIT AMAZON 463287 809097640714,,,809097640714,,1680.0,0.0,957993.59,debit,State Bank of India,00000040552115380_000484,,False
00000040552115380,RAVI KUMAR,SBIN0965900,25/10/2023,,BY TRANSFER-INB IMPS249743564953/9274072576/XX8206/Remitly Tr- MAC7437962770,,,249743564953,,0.0,11200.0,969193.59,credit,State Bank of India,00000040552115380_000485,,False
00000040552115380,RAVI KUMAR,SBIN0965900,25/10/2023,,BY TRANSFER-INB IMPS429038324082/9897219631/XX9764/Remitly Tr- MAC6133036399,,,429038324082,,0.0,11200.0,980393.59,credit,State Bank of India,00000040552115380_000486,,False
00000040552115380,RAVI KUMAR,SBIN0965900,26/10/2023,,TO CLEARING-CIT JIO 547124 407118690631,,,407118690631,,249.0,0.0,980144.59,debit,State Bank of India,00000040552115380_000487,,False
00000040552115380,RAVI KUMAR,SBIN0965900,26/10/2023,,POS/7669/IRCTC/PUNE 938017938876,,,938017938876,,3499.0,0.0,976645.59,debit,State Bank of India,00000040552115380_000488,,False
00000040552115380,RAVI KUMAR,SBIN0965900,28/10/2023,,TO TRANSFER-UPI/451333865007/rajeshverm954@okaxis 451333865007,,,451333865007,,3499.0,0.0,973146.59,debit,State Bank of India,00000040552115380_000489,,False
00000040552115380,RAVI KUMAR,SBIN0965900,28/10/2023,,TO TRANSFER-UPI/448682683261/naveenkuma12@ybl 448682683261,,,448682683261,,5200.0,0.0,967946.59,debit,State Bank of India,00000040552115380_000490,,False
00000040552115380,RAVI KUMAR,SBIN0965900,28/10/2023,,POS/0093/IOCL/BANJARA HILLS 217464484244,,,217464484244,,120.0,0.0,967826.59,debit,State Bank of India,00000040552115380_000491,,False
00000040552115380,RAVI KUMAR,SBIN0965900,30/10/2023,,TO TRANSFER-UPI/801605193142/santoshiye312@okhdfcbank 801605193142,,,801605193142,,1680.0,0.0,966146.59,debit,State Bank of India,00000040552115380_000492,,False
00000040552115380,RAVI KUMAR,SBIN0965900,30/10/2023,,TO TRANSFER-UPI/446931825955/sunilshett130@okhdfcbank 446931825955,,,446931825955,,1680.0,0.0,964466.59,debit,State Bank of India,00000040552115380_000493,,False
00000040552115380,RAVI KUMAR,SBIN0965900,30/10/2023,,TO CLEARING-CIT FLIPKART 820676 600956448149,,,600956448149,,850.0,0.0,963616.59,debit,State Bank of India,00000040552115380_000494,,False
00000040552115380,RAVI KUMAR,SBIN0965900,01/11/2023,,TO CLEARING-CIT RELIANCE FRESH 552707 268308862524,,,268308862524,,699.0,0.0,962917.59,debit,State Bank of India,00000040552115380_000495,,False
00000040552115380,RAVI KUMAR,SBIN0965900,02/11/2023,,TO TRANSFER-UPI/112252731948/arjunmehta769@okaxis 112252731948,,,112252731948,,1250.0,0.0,961667.59,debit,State Bank of India,00000040552115380_000496,,False
00000040552115380,RAVI KUMAR,SBIN0965900,02/11/2023,,BY TRANSFER-0016723448598 SALARY RAVI KUMAR 657659869625,,,0016723448598,,0.0,45000.0,1006667.59,credit,State Bank of India,00000040552115380_000497,,False
00000040552115380,RAVI KUMAR,SBIN0965900,02/11/2023,,TO CLEARING-CIT DMART 883960 239812516219,,,239812516219,,3499.0,0.0,1003168.59,debit,State Bank of India,00000040552115380_000498,,False
00000040552115380,RAVI KUMAR,SBIN0965900,02/11/2023,,TO TRANSFER-UPI/304554979028/smitharao377@oksbi 304554979028,,,304554979028,,3499.0,0.0,999669.59,debit,State Bank of India,00000040552115380_000499,,False
00000040552115380,RAVI KUMAR,SBIN0965900,02/11/2023,,POS/7071/ZOMATO/BTM LAYOUT 728620337217,,,728620337217,,3499.0,0.0,996170.59,debit,State Bank of India,00000040552115380_000500,,False
00000040552115380,RAVI KUMAR,SBIN0965900,05/11/2023,,POS/0983/OLA/WHITEFIELD 407326389651,,,407326389651,,120.0,0.0,996050.59,debit,State Bank of India,00000040552115380_000501,,False
00000040552115380,RAVI KUMAR,SBIN0965900,05/11/2023,,NEFT DR-HDFC0077212-ROHIT SHARMA-890921941221-RENT 463389274049,,,890921941221,,26500.0,0.0,969550.59,debit,State Bank of India,00000040552115380_000502,,False
00000040552115380,RAVI KUMAR,SBIN0965900,05/11/2023,,TO TRANSFER-UPI/038040538237/reshmakhan616@okaxis 038040538237,,,038040538237,,1680.0,0.0,967870.59,debit,State Bank of India,00000040552115380_000503,,False
00000040552115380,RAVI KUMAR,SBIN0965900,06/11/2023,,ATM WDL/2576/INDIRANAGAR 432213639494,,,432213639494,,120.0,0.0,967750.59,debit,State Bank of India,00000040552115380_000504,,False
00000040552115380,RAVI KUMAR,SBIN0965900,06/11/2023,,POS/8221/ZOMATO/KORAMANGALA 035610261285,,,035610261285,,5200.0,0.0,962550.59,debit,State Bank of India,00000040552115380_000505,,False
00000040552115380,RAVI KUMAR,SBIN0965900,06/11/2023,,POS/2975/DMART/WHITEFIELD 430171745513,,,430171745513,,5200.0,0.0,957350.59,debit,State Bank of India,00000040552115380_000506,,False
00000040552115380,RAVI KUMAR,SBIN0965900,06/11/2023,,TO TRANSFER-UPI/487576097725/divyamenon120@okhdfcbank 487576097725,,,487576097725,,699.0,0.0,956651.59,debit,State Bank of India,00000040552115380_000507,,False
00000040552115380,RAVI KUMAR,SBIN0965900,07/11/2023,,TO CLEARING-CIT OLA 255004 066409812991,,,066409812991,,5200.0,0.0,951451.59,debit,State Bank of India,00000040552115380_000508,,False
00000040552115380,RAVI KUMAR,SBIN0965900,07/11/2023,,TO CLEARING-CIT RELIANCE FRESH 352891 073492400707,,,073492400707,,5200.0,0.0,946251.59,debit,State Bank of India,00000040552115380_000509,,False
00000040552115380,RAVI KUMAR,SBIN0965900,09/11/2023,,BY TRANSFER-INB IMPS573178552110/7216720340/XX6457/Remitly Tr- MAC1002284719,,,573178552110,,0.0,4800.0,951051.59,credit,State Bank of India,00000040552115380_000510,,False
00000040552115380,RAVI KUMAR,SBIN0965900,09/11/2023,,POS/3777/AIRTEL/MYSURU 314846118657,,,314846118657,,7800.0,0.0,943251.59,debit,State Bank of India,00000040552115380_000511,,False
00000040552115380,RAVI KUMAR,SBIN0965900,09/11/2023,,TO TRANSFER-UPI/717036312305/mohandas952@okaxis 717036312305,,,717036312305,,5200.0,0.0,938051.59,debit,State Bank of India,00000040552115380_000512,,False
00000040552115380,RAVI KUMAR,SBIN0965900,09/11/2023,,BY TRANSFER-INB IMPS354965004023/5327405648/XX9108/Remitly Tr- MAC7594579007,,,354965004023,,0.0,18500.0,956551.59,credit,State Bank of India,00000040552115380_000513,,False
00000040552115380,RAVI KUMAR,SBIN0965900,10/11/2023,,POS/1679/BPCL/MARATHAHALLI 511305964627,,,511305964627,,3499.0,0.0,953052.59,debit,State Bank of India,00000040552115380_000514,,False
00000040552115380,RAVI KUMAR,SBIN0965900,10/11/2023,,ATM WDL/8127/KUKATPALLY 825194697778,,,825194697778,,310.0,0.0,952742.59,debit,State Bank of India,00000040552115380_000515,,False
00000040552115380,RAVI KUMAR,SBIN0965900,11/11/2023,,TO CLEARING-CIT JIO 059548 626493052997,,,626493052997,,5200.0,0.0,947542.59,debit,State Bank of India,00000040552115380_000516,,False
00000040552115380,RAVI KUMAR,SBIN0965900,13/11/2023,,TO CLEARING-CIT SWIGGY 924677 668150517063,,,668150517063,,249.0,0.0,947293.59,debit,State Bank of India,00000040552115380_000517,,False
00000040552115380,RAVI KUMAR,SBIN0965900,16/11/2023,,POS/7236/SWIGGY/INDIRANAGAR 504340665056,,,504340665056,,999.0,0.0,946294.59,debit,State Bank of India,00000040552115380_000518,,False
00000040552115380,RAVI KUMAR,SBIN0965900,16/11/2023,,ATM WDL/4021/MANGALURU 714936872761,,,714936872761,,49.0,0.0,946245.59,debit,State Bank of India,00000040552115380_000519,,False
00000040552115380,RAVI KUMAR,SBIN0965900,16/11/2023,,ATM WDL/9599/MARATHAHALLI 537962478183,,,537962478183,,999.0,0.0,945246.59,debit,State Bank of India,00000040552115380_000520,,False
00000040552115380,RAVI KUMAR,SBIN0965900,17/11/2023,,TO CLEARING-CIT UBER 469119 090068665007,,,090068665007,,5200.0,0.0,940046.59,debit,State Bank of India,00000040552115380_000521,,False
00000040552115380,RAVI KUMAR,SBIN0965900,19/11/2023,,POS/3594/OLA/MANGALURU 733483178112,,,733483178112,,249.0,0.0,939797.59,debit,State Bank of India,00000040552115380_000522,,False
00000040552115380,RAVI KUMAR,SBIN0965900,20/11/2023,,POS/6562/JIO/INDIRANAGAR 974821600119,,,974821600119,,2380.0,0.0,937417.59,debit,State Bank of India,00000040552115380_000523,,False
00000040552115380,RAVI KUMAR,SBIN0965900,20/11/2023,,TO TRANSFER-UPI/816778311037/ayeshakhan550@okhdfcbank 816778311037,,,816778311037,,2380.0,0.0,935037.59,debit,State Bank of India,00000040552115380_000524,,False
00000040552115380,RAVI KUMAR,SBIN0965900,20/11/2023,,TO TRANSFER-UPI/034703325157/kiranreddy366@paytm 034703325157,,,034703325157,,449.0,0.0,934588.59,debit,State Bank of India,00000040552115380_000525,,False
00000040552115380,RAVI KUMAR,SBIN0965900,22/11/2023,,BY TRANSFER-INB IMPS836391655375/1783522515/XX3586/Remitly Tr- MAC8429469390,,,836391655375,,0.0,1200.0,935788.59,credit,State Bank of India,00000040552115380_000526,,False
00000040552115380,RAVI KUMAR,SBIN0965900,23/11/2023,,BY TRANSFER-INB IMPS739775972273/0050816943/XX0639/Remitly Tr- MAC9260596873,,,739775972273,,0.0,500.0,936288.59,credit,State Bank of India,00000040552115380_000527,,False
00000040552115380,RAVI KUMAR,SBIN0965900,25/11/2023,,ATM WDL/7668/BTM LAYOUT 740707112216,,,740707112216,,850.0,0.0,935438.59,debit,State Bank of India,00000040552115380_000528,,False
00000040552115380,RAVI KUMAR,SBIN0965900,25/11/2023,,TO TRANSFER-UPI/414825105807/rohitsharm177@ybl 414825105807,,,414825105807,,2380.0,0.0,933058.59,debit,State Bank of India,00000040552115380_000529,,False
00000040552115380,RAVI KUMAR,SBIN0965900,26/11/2023,,BY TRANSFER-INB IMPS643624425513/1725102559/XX4445/Remitly Tr- MAC1932131191,,,643624425513,,0.0,18500.0,951558.59,credit,State Bank of India,00000040552115380_000530,,False
00000040552115380,RAVI KUMAR,SBIN0965900,26/11/2023,,BY TRANSFER-INB IMPS841421096649/2613269185/XX5265/Remitly Tr- MAC2665357146,,,841421096649,,0.0,24000.0,975558.59,credit,State Bank of India,00000040552115380_000531,,False
00000040552115380,RAVI KUMAR,SBIN0965900,27/11/2023,,TO TRANSFER-UPI/150503839731/divyamenon432@ybl 150503839731,,,150503839731,,1680.0,0.0,973878.59,debit,State Bank of India,00000040552115380_000532,,False
00000040552115380,RAVI KUMAR,SBIN0965900,27/11/2023,,TO TRANSFER-UPI/988782586862/smitharao680@paytm 988782586862,,,988782586862,,2380.0,0.0,971498.59,debit,State Bank of India,00000040552115380_000533,,False
00000040552115380,RAVI KUMAR,SBIN0965900,28/11/2023,,TO CLEARING-CIT UBER 396715 365663055818,,,365663055818,,699.0,0.0,970799.59,debit,State Bank of India,00000040552115380_000534,,False
00000040552115380,RAVI KUMAR,SBIN0965900,30/11/2023,,BY TRANSFER-INB IMPS892023993380/5773183350/XX9511/Remitly Tr- MAC7711952157,,,892023993380,,0.0,4800.0,975599.59,credit,State Bank of India,00000040552115380_000535,,False
00000040552115380,RAVI KUMAR,SBIN0965900,30/11/2023,,ATM WDL/4246/INDIRANAGAR 172799853077,,,172799853077,,449.0,0.0,975150.59,debit,State Bank of India,00000040552115380_000536,,False
00000040552115380,RAVI KUMAR,SBIN0965900,01/12/2023,,POS/1189/JIO/MANGALURU 783570141624,,,783570141624,,5200.0,0.0,969950.59,debit,State Bank of India,00000040552115380_000537,,False
00000040552115380,RAVI KUMAR,SBIN0965900,03/12/2023,,BY TRANSFER-2658560255119 SALARY RAVI KUMAR 700934642859,,,2658560255119,,0.0,45000.0,1014950.59,credit,State Bank of India,00000040552115380_000538,,False
00000040552115380,RAVI KUMAR,SBIN0965900,05/12/2023,,POS/0427/ZOMATO/INDIRANAGAR 887946927703,,,887946927703,,1250.0,0.0,1013700.59,debit,State Bank of India,00000040552115380_000539,,False
00000040552115380,RAVI KUMAR,SBIN0965900,05/12/2023,,ATM WDL/3400/BTM LAYOUT 006857233362,,,006857233362,,850.0,0.0,1012850.59,debit,State Bank of India,00000040552115380_000540,,False
00000040552115380,RAVI KUMAR,SBIN0965900,05/12/2023,,ATM WDL/4549/MYSURU 034352481337,,,034352481337,,999.0,0.0,1011851.59,debit,State Bank of India,00000040552115380_000541,,False
00000040552115380,RAVI KUMAR,SBIN0965900,06/12/2023,,BY TRANSFER-INB IMPS447188735395/4296990251/XX4679/Remitly Tr- MAC4170349965,,,447188735395,,0.0,850.0,1012701.59,credit,State Bank of India,00000040552115380_000542,,False
00000040552115380,RAVI KUMAR,SBIN0965900,06/12/2023,,ATM WDL/5426/SECUNDERABAD 144686703187,,,144686703187,,3499.0,0.0,1009202.59,debit,State Bank of India,00000040552115380_000543,,False
00000040552115380,RAVI KUMAR,SBIN0965900,07/12/2023,,NEFT DR-HDFC0745606-ANJALI RAO-146598474982-RENT 115468976834,,,146598474982,,26500.0,0.0,982702.59,debit,State Bank of India,00000040552115380_000544,,False
00000040552115380,RAVI KUMAR,SBIN0965900,08/12/2023,,TO TRANSFER-UPI/915583737755/kiranreddy100@paytm 915583737755,,,915583737755,,7800.0,0.0,974902.59,debit,State Bank of India,00000040552115380_000545,,False
00000040552115380,RAVI KUMAR,SBIN0965900,09/12/2023,,ATM WDL/2512/MYSURU 785471808657,,,785471808657,,310.0,0.0,974592.59,debit,State Bank of India,00000040552115380_000546,,False
00000040552115380,RAVI KUMAR,SBIN0965900,09/12/2023,,POS/6034/BPCL/MYSURU 264462942320,,,264462942320,,2380.0,0.0,972212.59,debit,State Bank of India,00000040552115380_000547,,False
00000040552115380,RAVI KUMAR,SBIN0965900,10/12/2023,,TO CLEARING-CIT BOOKMYSHOW 137300 614335723523,,,614335723523,,1680.0,0.0,970532.59,debit,State Bank of India,00000040552115380_000548,,False
00000040552115380,RAVI KUMAR,SBIN0965900,10/12/2023,,TO TRANSFER-UPI/624512353436/kavyareddy875@paytm 624512353436,,,624512353436,,449.0,0.0,970083.59,debit,State Bank of India,00000040552115380_000549,,False
00000040552115380,RAVI KUMAR,SBIN0965900,10/12/2023,,TO TRANSFER-UPI/196523211264/harishmeno156@okhdfcbank 196523211264,,,196523211264,,3499.0,0.0,966584.59,debit,State Bank of India,00000040552115380_000550,,False
00000040552115380,RAVI KUMAR,SBIN0965900,11/12/2023,,TO CLEARING-CIT JIO 800032 792093352987,,,792093352987,,310.0,0.0,966274.59,debit,State Bank of India,00000040552115380_000551,,False
00000040552115380,RAVI KUMAR,SBIN0965900,11/12/2023,,TO TRANSFER-UPI/647276358923/reshmakhan991@paytm 647276358923,,,647276358923,,850.0,0.0,965424.59,debit,State Bank of India,00000040552115380_000552,,False
00000040552115380,RAVI KUMAR,SBIN0965900,11/12/2023,,BY TRANSFER-INB IMPS793269845419/8864760319/XX2559/Remitly Tr- MAC5838351915,,,793269845419,,0.0,18500.0,983924.59,credit,State Bank of India,00000040552115380_000553,,False
00000040552115380,RAVI KUMAR,SBIN0965900,12/12/2023,,TO CLEARING-CIT IOCL 787473 383253824955,,,383253824955,,249.0,0.0,983675.59,debit,State Bank of India,00000040552115380_000554,,False
00000040552115380,RAVI KUMAR,SBIN0965900,12/12/2023,,TO TRANSFER-UPI/095888211057/harishmeno617@okaxis 095888211057,,,095888211057,,449.0,0.0,983226.59,debit,State Bank of India,00000040552115380_000555,,False
00000040552115380,RAVI KUMAR,SBIN0965900,12/12/2023,,TO TRANSFER-UPI/059891058389/meerapilla107@okhdfcbank 059891058389,,,059891058389,,1250.0,0.0,981976.59,debit,State Bank of India,00000040552115380_000556,,False
00000040552115380,RAVI KUMAR,SBIN0965900,12/12/2023,,BY TRANSFER-INB IMPS308380688482/9686732986/XX2915/Remitly Tr- MAC8297796022,,,308380688482,,0.0,24000.0,1005976.59,credit,State Bank of India,00000040552115380_000557,,False
00000040552115380,RAVI KUMAR,SBIN0965900,12/12/2023,,POS/6643/APOLLO PHARMACY/KUKATPALLY 946077983193,,,946077983193,,699.0,0.0,1005277.59,debit,State Bank of India,00000040552115380_000558,,False
00000040552115380,RAVI KUMAR,SBIN0965900,14/12/2023,,POS/0160/IOCL/HYDERABAD 730403922044,,,730403922044,,699.0,0.0,1004578.59,debit,State Bank of India,00000040552115380_000559,,False
00000040552115380,RAVI KUMAR,SBIN0965900,15/12/2023,,POS/8886/APOLLO PHARMACY/BTM LAYOUT 083821954062,,,083821954062,,79.0,0.0,1004499.59,debit,State Bank of India,00000040552115380_000560,,False
00000040552115380,RAVI KUMAR,SBIN0965900,15/12/2023,,ATM WDL/2474/WHITEFIELD 259628214764,,,259628214764,,120.0,0.0,1004379.59,debit,State Bank of India,00000040552115380_000561,,False
00000040552115380,RAVI KUMAR,SBIN0965900,15/12/2023,,POS/7245/FLIPKART/MARATHAHALLI 261099678630,,,261099678630,,699.0,0.0,1003680.59,debit,State Bank of India,00000040552115380_000562,,False
00000040552115380,RAVI KUMAR,SBIN0965900,16/12/2023,,TO CLEARING-CIT DMART 062589 745601536723,,,745601536723,,79.0,0.0,1003601.59,debit,State Bank of India,00000040552115380_000563,,False
00000040552115380,RAVI KUMAR,SBIN0965900,17/12/2023,,TO TRANSFER-UPI/895961128549/rohitsharm420@oksbi 895961128549,,,895961128549,,249.0,0.0,1003352.59,debit,State Bank of India,00000040552115380_000564,,False
00000040552115380,RAVI KUMAR,SBIN0965900,18/12/2023,,BY TRANSFER-INB IMPS041896933755/2197913671/XX2162/Remitly Tr- MAC1195960575,,,041896933755,,0.0,850.0,1004202.59,credit,State Bank of India,00000040552115380_000565,,False
00000040552115380,RAVI KUMAR,SBIN0965900,18/12/2023,,POS/7033/SWIGGY/KUKATPALLY 098381096060,,,098381096060,,79.0,0.0,1004123.59,debit,State Bank of India,00000040552115380_000566,,False
00000040552115380,RAVI KUMAR,SBIN0965900,18/12/2023,,BY TRANSFER-INB IMPS459026467911/3505220946/XX5494/Remitly Tr- MAC9471369298,,,459026467911,,0.0,18500.0,1022623.59,credit,State Bank of India,00000040552115380_000567,,False
00000040552115380,RAVI KUMAR,SBIN0965900,18/12/2023,,ATM WDL/3942/BTM LAYOUT 450726856182,,,450726856182,,3499.0,0.0,1019124.59,debit,State Bank of India,00000040552115380_000568,,False
00000040552115380,RAVI KUMAR,SBIN0965900,19/12/2023,,TO TRANSFER-UPI/394458862577/divyamenon393@paytm 394458862577,,,394458862577,,120.0,0.0,1019004.59,debit,State Bank of India,00000040552115380_000569,,False
00000040552115380,RAVI KUMAR,SBIN0965900,20/12/2023,,TO TRANSFER-UPI/270063154299/sunilshett113@ybl 270063154299,,,270063154299,,850.0,0.0,1018154.59,debit,State Bank of India,00000040552115380_000570,,False
00000040552115380,RAVI KUMAR,SBIN0965900,21/12/2023,,TO TRANSFER-UPI/731930933548/tarageorge793@paytm 731930933548,,,731930933548,,310.0,0.0,1017844.59,debit,State Bank of India,00000040552115380_000571,,False
00000040552115380,RAVI KUMAR,SBIN0965900,22/12/2023,,ATM WDL/6031/KUKATPALLY 981550839616,,,981550839616,,120.0,0.0,1017724.59,debit,State Bank of India,00000040552115380_000572,,False
00000040552115380,RAVI KUMAR,SBIN0965900,22/12/2023,,TO CLEARING-CIT DMART 634677 217011170412,,,217011170412,,2380.0,0.0,1015344.59,debit,State Bank of India,00000040552115380_000573,,False
00000040552115380,RAVI KUMAR,SBIN0965900,22/12/2023,,BY TRANSFER-INB IMPS903347731467/5532097164/XX7795/Remitly Tr- MAC6446966804,,,903347731467,,0.0,500.0,1015844.59,credit,State Bank of India,00000040552115380_000574,,False
00000040552115380,RAVI KUMAR,SBIN0965900,23/12/2023,,BY TRANSFER-INB IMPS644779061934/8107892006/XX8684/Remitly Tr- MAC3670653391,,,644779061934,,0.0,18500.0,1034344.59,credit,State Bank of India,00000040552115380_000575,,False
00000040552115380,RAVI KUMAR,SBIN0965900,24/12/2023,,BY TRANSFER-INB IMPS910253849925/7332331568/XX7245/Remitly Tr- MAC5809047568,,,910253849925,,0.0,24000.0,1058344.59,credit,State Bank of India,00000040552115380_000576,,False
00000040552115380,RAVI KUMAR,SBIN0965900,24/12/2023,,TO CLEARING-CIT PVR CINEMAS 174346 571646021348,,,571646021348,,3499.0,0.0,1054845.59,debit,State Bank of India,00000040552115380_000577,,False
00000040552115380,RAVI KUMAR,SBIN0965900,25/12/2023,,BY TRANSFER-INB IMPS539730137192/7116134166/XX6014/Remitly Tr- MAC3507368678,,,539730137192,,0.0,2500.0,1057345.59,credit,State Bank of India,00000040552115380_000578,,False
00000040552115380,RAVI KUMAR,SBIN0965900,25/12/2023,,ATM WDL/7358/MUMBAI 981102749058,,,981102749058,,310.0,0.0,1057035.59,debit,State Bank of India,00000040552115380_000579,,False
00000040552115380,RAVI KUMAR,SBIN0965900,26/12/2023,,BY TRANSFER-INB IMPS464763174510/5849327900/XX9359/Remitly Tr- MAC8666337657,,,464763174510,,0.0,7500.0,1064535.59,credit,State Bank of India,00000040552115380_000580,,False
00000040552115380,RAVI KUMAR,SBIN0965900,26/12/2023,,BY TRANSFER-INB IMPS853269090742/6363111945/XX0754/Remitly Tr- MAC3691697528,,,853269090742,,0.0,2500.0,1067035.59,credit,State Bank of India,00000040552115380_000581,,False
00000040552115380,RAVI KUMAR,SBIN0965900,26/12/2023,,ATM WDL/6045/HYDERABAD 960713990959,,,960713990959,,120.0,0.0,1066915.59,debit,State Bank of India,00000040552115380_000582,,False
00000040552115380,RAVI KUMAR,SBIN0965900,27/12/2023,,TO TRANSFER-UPI/106515085441/vikramnair197@paytm 106515085441,,,106515085441,,449.0,0.0,1066466.59,debit,State Bank of India,00000040552115380_000583,,False
00000040552115380,RAVI KUMAR,SBIN0965900,27/12/2023,,ATM WDL/1341/SECUNDERABAD 026057837329,,,026057837329,,3499.0,0.0,1062967.59,debit,State Bank of India,00000040552115380_000584,,False
00000040552115380,RAVI KUMAR,SBIN0965900,27/12/2023,,TO TRANSFER-UPI/325279878719/naveenkuma458@okaxis 325279878719,,,325279878719,,79.0,0.0,1062888.59,debit,State Bank of India,00000040552115380_000585,,False
00000040552115380,RAVI KUMAR,SBIN0965900,27/12/2023,,ATM WDL/5398/SECUNDERABAD 361453697580,,,361453697580,,999.0,0.0,1061889.59,debit,State Bank of India,00000040552115380_000586,,False
00000040552115380,RAVI KUMAR,SBIN0965900,27/12/2023,,BY TRANSFER-INB IMPS292173856382/1142903412/XX5479/Remitly Tr- MAC7077739786,,,292173856382,,0.0,500.0,1062389.59,credit,State Bank of India,00000040552115380_000587,,False
00000040552115380,RAVI KUMAR,SBIN0965900,28/12/2023,,POS/0183/MEDPLUS/MYSURU 844036600211,,,844036600211,,249.0,0.0,1062140.59,debit,State Bank of India,00000040552115380_000588,,False
00000040552115380,RAVI KUMAR,SBIN0965900,28/12/2023,,ATM WDL/7443/BTM LAYOUT 230812540794,,,230812540794,,249.0,0.0,1061891.59,debit,State Bank of India,00000040552115380_000589,,False
00000040552115380,RAVI KUMAR,SBIN0965900,28/12/2023,,ATM WDL/0021/MARATHAHALLI 759696134377,,,759696134377,,249.0,0.0,1061642.59,debit,State Bank of India,00000040552115380_000590,,False
00000040552115380,RAVI KUMAR,SBIN0965900,30/12/2023,,POS/6789/DMART/KORAMANGALA 424510589812,,,424510589812,,2380.0,0.0,1059262.59,debit,State Bank of India,00000040552115380_000591,,False
00000040552115380,RAVI KUMAR,SBIN0965900,31/12/2023,,TO TRANSFER-UPI/288349810410/rahulsingh852@okaxis 288349810410,,,288349810410,,249.0,0.0,1059013.59,debit,State Bank of India,00000040552115380_000592,,False
00000040552115380,RAVI KUMAR,SBIN0965900,01/01/2024,,POS/9110/AMAZON/MANGALURU 903071775643,,,903071775643,,120.0,0.0,1058893.59,debit,State Bank of India,00000040552115380_000593,,False
00000040552115380,RAVI KUMAR,SBIN0965900,02/01/2024,,BY TRANSFER-2558358298972 SALARY RAVI KUMAR 178747642582,,,2558358298972,,0.0,45500.0,1104393.59,credit,State Bank of India,00000040552115380_000594,,False
00000040552115380,RAVI KUMAR,SBIN0965900,02/01/2024,,TO CLEARING-CIT IOCL 943227 855233598633,,,855233598633,,1680.0,0.0,1102713.59,debit,State Bank of India,00000040552115380_000595,,False
00000040552115380,RAVI KUMAR,SBIN0965900,03/01/2024,,BY TRANSFER-INB IMPS333343136761/2263354614/XX1034/Remitly Tr- MAC1921103414,,,333343136761,,0.0,7500.0,1110213.59,credit,State Bank of India,00000040552115380_000596,,False
00000040552115380,RAVI KUMAR,SBIN0965900,03/01/2024,,ATM WDL/1254/MYSURU 541978944533,,,541978944533,,249.0,0.0,1109964.59,debit,State Bank of India,00000040552115380_000597,,False
00000040552115380,RAVI KUMAR,SBIN0965900,03/01/2024,,BY TRANSFER-INB IMPS844204816757/1278895405/XX1775/Remitly Tr- MAC3829111113,,,844204816757,,0.0,24000.0,1133964.59,credit,State Bank of India,00000040552115380_000598,,False
00000040552115380,RAVI KUMAR,SBIN0965900,04/01/2024,,NEFT DR-HDFC0841770-POOJA SHARMA-975738847382-RENT 333359160087,,,975738847382,,22000.0,0.0,1111964.59,debit,State Bank of India,00000040552115380_000599,,False
00000040552115380,RAVI KUMAR,SBIN0965900,05/01/2024,,ATM WDL/0674/PUNE 315864799246,,,315864799246,,3499.0,0.0,1108465.59,debit,State Bank of India,00000040552115380_000600,,False
00000040552115380,RAVI KUMAR,SBIN0965900,05/01/2024,,TO TRANSFER-UPI/198222757247/anjalirao498@paytm 198222757247,,,198222757247,,3499.0,0.0,1104966.59,debit,State Bank of India,00000040552115380_000601,,False
00000040552115380,RAVI KUMAR,SBIN0965900,05/01/2024,,BY TRANSFER-INB IMPS479381125577/9860402247/XX0565/Remitly Tr- MAC0213600733,,,479381125577,,0.0,500.0,1105466.59,credit,State Bank of India,00000040552115380_000602,,False
00000040552115380,RAVI KUMAR,SBIN0965900,06/01/2024,,POS/6872/SWIGGY/KUKATPALLY 910702788206,,,910702788206,,249.0,0.0,1105217.59,debit,State Bank of India,00000040552115380_000603,,False
00000040552115380,RAVI KUMAR,SBIN0965900,06/01/2024,,POS/8523/DMART/INDIRANAGAR 932639660778,,,932639660778,,79.0,0.0,1105138.59,debit,State Bank of India,00000040552115380_000604,,False
00000040552115380,RAVI KUMAR,SBIN0965900,07/01/2024,,POS/6576/IOCL/MUMBAI 505392221999,,,505392221999,,310.0,0.0,1104828.59,debit,State Bank of India,00000040552115380_000605,,False
00000040552115380,RAVI KUMAR,SBIN0965900,07/01/2024,,POS/7094/FLIPKART/MANGALURU 484618450015,,,484618450015,,1250.0,0.0,1103578.59,debit,State Bank of India,00000040552115380_000606,,False
00000040552115380,RAVI KUMAR,SBIN0965900,08/01/2024,,TO TRANSFER-UPI/793833158010/ayeshakhan127@okaxis 793833158010,,,793833158010,,1680.0,0.0,1101898.59,debit,State Bank of India,00000040552115380_000607,,False
00000040552115380,RAVI KUMAR,SBIN0965900,08/01/2024,,TO TRANSFER-UPI/291111201360/kavyareddy185@okaxis 291111201360,,,291111201360,,449.0,0.0,1101449.59,debit,State Bank of India,00000040552115380_000608,,False
00000040552115380,RAVI KUMAR,SBIN0965900,11/01/2024,,POS/8156/PVR CINEMAS/SECUNDERABAD 384780954834,,,384780954834,,5200.0,0.0,1096249.59,debit,State Bank of India,00000040552115380_000609,,False
00000040552115380,RAVI KUMAR,SBIN0965900,11/01/2024,,BY TRANSFER-INB IMPS664380194306/6793470346/XX4832/Remitly Tr- MAC9832879323,,,664380194306,,0.0,18500.0,1114749.59,credit,State Bank of India,00000040552115380_000610,,False
00000040552115380,RAVI KUMAR,SBIN0965900,11/01/2024,,TO CLEARING-CIT JIO 917720 854459053850,,,854459053850,,1250.0,0.0,1113499.59,debit,State Bank of India,00000040552115380_000611,,False
00000040552115380,RAVI KUMAR,SBIN0965900,11/01/2024,,TO CLEARING-CIT UBER 561096 960755690738,,,960755690738,,249.0,0.0,1113250.59,debit,State Bank of India,00000040552115380_000612,,False
00000040552115380,RAVI KUMAR,SBIN0965900,11/01/2024,,POS/3314/BESCOM/MYSURU 018805485944,,,018805485944,,120.0,0.0,1113130.59,debit,State Bank of India,00000040552115380_000613,,False
00000040552115380,RAVI KUMAR,SBIN0965900,12/01/2024,,POS/5822/AIRTEL/MYSURU 498560257463,,,498560257463,,249.0,0.0,1112881.59,debit,State Bank of India,00000040552115380_000614,,False
00000040552115380,RAVI KUMAR,SBIN0965900,12/01/2024,,BY TRANSFER-INB IMPS472157889762/2115230539/XX8623/Remitly Tr- MAC3294728843,,,472157889762,,0.0,18500.0,1131381.59,credit,State Bank of India,00000040552115380_000615,,False
00000040552115380,RAVI KUMAR,SBIN0965900,12/01/2024,,POS/3357/AIRTEL/HYDERABAD 859776858290,,,859776858290,,1680.0,0.0,1129701.59,debit,State Bank of India,00000040552115380_000616,,False
00000040552115380,RAVI KUMAR,SBIN0965900,12/01/2024,,BY TRANSFER-INB IMPS051157100026/9807377092/XX3578/Remitly Tr- MAC5700703507,,,051157100026,,0.0,500.0,1130201.59,credit,State Bank of India,00000040552115380_000617,,False
00000040552115380,RAVI KUMAR,SBIN0965900,12/01/2024,,POS/0170/RELIANCE FRESH/KUKATPALLY 627239401167,,,627239401167,,120.0,0.0,1130081.59,debit,State Bank of India,00000040552115380_000618,,False
00000040552115380,RAVI KUMAR,SBIN0965900,13/01/2024,,ATM WDL/6985/MANGALURU 797242637334,,,797242637334,,3499.0,0.0,1126582.59,debit,State Bank of India,00000040552115380_000619,,False
00000040552115380,RAVI KUMAR,SBIN0965900,13/01/2024,,TO TRANSFER-UPI/925568173395/anjalirao930@ybl 925568173395,,,925568173395,,1250.0,0.0,1125332.59,debit,State Bank of India,00000040552115380_000620,,False
00000040552115380,RAVI KUMAR,SBIN0965900,13/01/2024,,TO CLEARING-CIT MEDPLUS 882585 522938256975,,,522938256975,,120.0,0.0,1125212.59,debit,State Bank of India,00000040552115380_000621,,False
00000040552115380,RAVI KUMAR,SBIN0965900,14/01/2024,,TO TRANSFER-UPI/959316383448/reshmakhan989@paytm 959316383448,,,959316383448,,999.0,0.0,1124213.59,debit,State Bank of India,00000040552115380_000622,,False
00000040552115380,RAVI KUMAR,SBIN0965900,14/01/2024,,TO CLEARING-CIT IRCTC 424455 733444616621,,,733444616621,,999.0,0.0,1123214.59,debit,State Bank of India,00000040552115380_000623,,False
00000040552115380,RAVI KUMAR,SBIN0965900,15/01/2024,,POS/8725/UBER/HSR LAYOUT 612355604128,,,612355604128,,850.0,0.0,1122364.59,debit,State Bank of India,00000040552115380_000624,,False
00000040552115380,RAVI KUMAR,SBIN0965900,17/01/2024,,TO CLEARING-CIT OLA 053126 121894360426,,,121894360426,,3499.0,0.0,1118865.59,debit,State Bank of India,00000040552115380_000625,,False
00000040552115380,RAVI KUMAR,SBIN0965900,17/01/2024,,POS/0738/FLIPKART/BTM LAYOUT 415512131972,,,415512131972,,999.0,0.0,1117866.59,debit,State Bank of India,00000040552115380_000626,,False
00000040552115380,RAVI KUMAR,SBIN0965900,17/01/2024,,ATM WDL/9235/BANJARA HILLS 281601207261,,,281601207261,,2380.0,0.0,1115486.59,debit,State Bank of India,00000040552115380_000627,,False
00000040552115380,RAVI KUMAR,SBIN0965900,19/01/2024,,TO CLEARING-CIT BOOKMYSHOW 225824 377241448697,,,377241448697,,249.0,0.0,1115237.59,debit,State Bank of India,00000040552115380_000628,,False
00000040552115380,RAVI KUMAR,SBIN0965900,19/01/2024,,POS/1822/BPCL/HSR LAYOUT 594355023297,,,594355023297,,850.0,0.0,1114387.59,debit,State Bank of India,00000040552115380_000629,,False
00000040552115380,RAVI KUMAR,SBIN0965900,20/01/2024,,BY TRANSFER-INB IMPS226224809597/0848937027/XX8421/Remitly Tr- MAC1707812366,,,226224809597,,0.0,500.0,1114887.59,credit,State Bank of India,00000040552115380_000630,,False
00000040552115380,RAVI KUMAR,SBIN0965900,20/01/2024,,BY TRANSFER-INB IMPS173371124850/3251967367/XX1656/Remitly Tr- MAC6589183347,,,173371124850,,0.0,4800.0,1119687.59,credit,State Bank of India,00000040552115380_000631,,False
00000040552115380,RAVI KUMAR,SBIN0965900,22/01/2024,,BY TRANSFER-INB IMPS068254167700/5924370676/XX8075/Remitly Tr- MAC7984431549,,,068254167700,,0.0,850.0,1120537.59,credit,State Bank of India,00000040552115380_000632,,False
00000040552115380,RAVI KUMAR,SBIN0965900,22/01/2024,,BY TRANSFER-INB IMPS054534031019/5077633409/XX4022/Remitly Tr- MAC6769640875,,,054534031019,,0.0,11200.0,1131737.59,credit,State Bank of India,00000040552115380_000633,,False
00000040552115380,RAVI KUMAR,SBIN0965900,22/01/2024,,TO CLEARING-CIT JIO 207422 490573761419,,,490573761419,,2380.0,0.0,1129357.59,debit,State Bank of India,00000040552115380_000634,,False
00000040552115380,RAVI KUMAR,SBIN0965900,24/01/2024,,TO CLEARING-CIT AMAZON 905673 169682224349,,,169682224349,,249.0,0.0,1129108.59,debit,State Bank of India,00000040552115380_000635,,False
00000040552115380,RAVI KUMAR,SBIN0965900,25/01/2024,,POS/1185/RELIANCE FRESH/KORAMANGALA 360058946804,,,360058946804,,3499.0,0.0,1125609.59,debit,State Bank of India,00000040552115380_000636,,False
00000040552115380,RAVI KUMAR,SBIN0965900,25/01/2024,,TO CLEARING-CIT OLA 591378 633090411230,,,633090411230,,249.0,0.0,1125360.59,debit,State Bank of India,00000040552115380_000637,,False
00000040552115380,RAVI KUMAR,SBIN0965900,25/01/2024,,BY TRANSFER-INB IMPS585219401612/9848848545/XX5748/Remitly Tr- MAC3403619316,,,585219401612,,0.0,7500.0,1132860.59,credit,State Bank of India,00000040552115380_000638,,False
00000040552115380,RAVI KUMAR,SBIN0965900,27/01/2024,,BY TRANSFER-INB IMPS716068600517/2219858598/XX6170/Remitly Tr- MAC9330643833,,,716068600517,,0.0,1200.0,1134060.59,credit,State Bank of India,00000040552115380_000639,,False
00000040552115380,RAVI KUMAR,SBIN0965900,27/01/2024,,TO CLEARING-CIT BOOKMYSHOW 997142 733514439303,,,733514439303,,3499.0,0.0,1130561.59,debit,State Bank of India,00000040552115380_000640,,False
00000040552115380,RAVI KUMAR,SBIN0965900,29/01/2024,,TO TRANSFER-UPI/812147614423/naveenkuma179@okhdfcbank 812147614423,,,812147614423,,699.0,0.0,1129862.59,debit,State Bank of India,00000040552115380_000641,,False
00000040552115380,RAVI KUMAR,SBIN0965900,29/01/2024,,TO CLEARING-CIT ZOMATO 444330 659897902614,,,659897902614,,5200.0,0.0,1124662.59,debit,State Bank of India,00000040552115380_000642,,False
00000040552115380,RAVI KUMAR,SBIN0965900,30/01/2024,,BY TRANSFER-INB IMPS732411764504/5530321137/XX7201/Remitly Tr- MAC3124353846,,,732411764504,,0.0,24000.0,1148662.59,credit,State Bank of India,00000040552115380_000643,,False
00000040552115380,RAVI KUMAR,SBIN0965900,31/01/2024,,BY TRANSFER-INB IMPS537365234102/7518398773/XX9487/Remitly Tr- MAC9321994582,,,537365234102,,0.0,1200.0,1149862.59,credit,State Bank of India,00000040552115380_000644,,False
00000040552115380,RAVI KUMAR,SBIN0965900,01/02/2024,,ATM WDL/6998/BTM LAYOUT 669827609391,,,669827609391,,1680.0,0.0,1148182.59,debit,State Bank of India,00000040552115380_000645,,False
00000040552115380,RAVI KUMAR,SBIN0965900,01/02/2024,,BY TRANSFER-4126007558353 SALARY RAVI KUMAR 814913130869,,,4126007558353,,0.0,45500.0,1193682.59,credit,State Bank of India,00000040552115380_000646,,False
00000040552115380,RAVI KUMAR,SBIN0965900,01/02/2024,,TO CLEARING-CIT PVR CINEMAS 942948 823744343657,,,823744343657,,310.0,0.0,1193372.59,debit,State Bank of India,00000040552115380_000647,,False
00000040552115380,RAVI KUMAR,SBIN0965900,02/02/2024,,ATM WDL/3973/HSR LAYOUT 380779537855,,,380779537855,,3499.0,0.0,1189873.59,debit,State Bank of India,00000040552115380_000648,,False
00000040552115380,RAVI KUMAR,SBIN0965900,04/02/2024,,BY TRANSFER-INB IMPS050679029250/5513277877/XX6150/Remitly Tr- MAC1776750504,,,050679029250,,0.0,500.0,1190373.59,credit,State Bank of India,00000040552115380_000649,,False
00000040552115380,RAVI KUMAR,SBIN0965900,04/02/2024,,TO CLEARING-CIT IOCL 082401 196487005960,,,196487005960,,449.0,0.0,1189924.59,debit,State Bank of India,00000040552115380_000650,,False
00000040552115380,RAVI KUMAR,SBIN0965900,05/02/2024,,NEFT DR-HDFC0358923-DIVYA MENON-048486431618-RENT 196298676408,,,048486431618,,18000.0,0.0,1171924.59,debit,State Bank of India,00000040552115380_000651,,False
00000040552115380,RAVI KUMAR,SBIN0965900,06/02/2024,,BY TRANSFER-INB IMPS791023710326/8608653168/XX1352/Remitly Tr- MAC2615561496,,,791023710326,,0.0,11200.0,1183124.59,credit,State Bank of India,00000040552115380_000652,,False
00000040552115380,RAVI KUMAR,SBIN0965900,06/02/2024,,BY TRANSFER-INB IMPS023384113284/4702523928/XX7060/Remitly Tr- MAC9555057041,,,023384113284,,0.0,500.0,1183624.59,credit,State Bank of India,00000040552115380_000653,,False
00000040552115380,RAVI KUMAR,SBIN0965900,07/02/2024,,TO TRANSFER-UPI/913210285739/tarageorge326@ybl 913210285739,,,913210285739,,249.0,0.0,1183375.59,debit,State Bank of India,00000040552115380_000654,,False
00000040552115380,RAVI KUMAR,SBIN0965900,08/02/2024,,ATM WDL/1890/HSR LAYOUT 329837863034,,,329837863034,,120.0,0.0,1183255.59,debit,State Bank of India,00000040552115380_000655,,False
00000040552115380,RAVI KUMAR,SBIN0965900,08/02/2024,,TO TRANSFER-UPI/895965276526/farhankhan14@paytm 895965276526,,,895965276526,,120.0,0.0,1183135.59,debit,State Bank of India,00000040552115380_000656,,False
00000040552115380,RAVI KUMAR,SBIN0965900,08/02/2024,,TO CLEARING-CIT UBER 963087 968325013608,,,968325013608,,850.0,0.0,1182285.59,debit,State Bank of India,00000040552115380_000657,,False
00000040552115380,RAVI KUMAR,SBIN0965900,09/02/2024,,ATM WDL/3083/PUNE 765944767461,,,765944767461,,79.0,0.0,1182206.59,debit,State Bank of India,00000040552115380_000658,,False
00000040552115380,RAVI KUMAR,SBIN0965900,09/02/2024,,POS/4136/IRCTC/BANJARA HILLS 471777222320,,,471777222320,,999.0,0.0,1181207.59,debit,State Bank of India,00000040552115380_000659,,False
00000040552115380,RAVI KUMAR,SBIN0965900,09/02/2024,,POS/3938/DMART/MARATHAHALLI 007203469884,,,007203469884,,79.0,0.0,1181128.59,debit,State Bank of India,00000040552115380_000660,,False
00000040552115380,RAVI KUMAR,SBIN0965900,10/02/2024,,TO TRANSFER-UPI/134434274890/kiranreddy502@paytm 134434274890,,,134434274890,,699.0,0.0,1180429.59,debit,State Bank of India,00000040552115380_000661,,False
00000040552115380,RAVI KUMAR,SBIN0965900,10/02/2024,,POS/7166/BPCL/INDIRANAGAR 556594006754,,,556594006754,,2380.0,0.0,1178049.59,debit,State Bank of India,00000040552115380_000662,,False
00000040552115380,RAVI KUMAR,SBIN0965900,10/02/2024,,BY TRANSFER-INB IMPS134986382795/1114549750/XX3909/Remitly Tr- MAC8889022583,,,134986382795,,0.0,500.0,1178549.59,credit,State Bank of India,00000040552115380_000663,,False
00000040552115380,RAVI KUMAR,SBIN0965900,11/02/2024,,BY TRANSFER-INB IMPS652930620889/0820011376/XX0686/Remitly Tr- MAC7416507270,,,652930620889,,0.0,24000.0,1202549.59,credit,State Bank of India,00000040552115380_000664,,False
00000040552115380,RAVI KUMAR,SBIN0965900,11/02/2024,,POS/2483/MEDPLUS/MARATHAHALLI 482513053080,,,482513053080,,699.0,0.0,1201850.59,debit,State Bank of India,00000040552115380_000665,,False
00000040552115380,RAVI KUMAR,SBIN0965900,11/02/2024,,POS/1751/SWIGGY/KUKATPALLY 179533106112,,,179533106112,,850.0,0.0,1201000.59,debit,State Bank of India,00000040552115380_000666,,False
00000040552115380,RAVI KUMAR,SBIN0965900,11/02/2024,,POS/5514/IRCTC/MYSURU 420064680924,,,420064680924,,449.0,0.0,1200551.59,debit,State Bank of India,00000040552115380_000667,,False
00000040552115380,RAVI KUMAR,SBIN0965900,12/02/2024,,ATM WDL/8929/JAYANAGAR 739081131851,,,739081131851,,49.0,0.0,1200502.59,debit,State Bank of India,00000040552115380_000668,,False
00000040552115380,RAVI KUMAR,SBIN0965900,12/02/2024,,TO CLEARING-CIT AIRTEL 264109 610759020554,,,610759020554,,449.0,0.0,1200053.59,debit,State Bank of India,00000040552115380_000669,,False
00000040552115380,RAVI KUMAR,SBIN0965900,12/02/2024,,BY TRANSFER-INB IMPS341945642340/5232583574/XX7244/Remitly Tr- MAC6295583985,,,341945642340,,0.0,1200.0,1201253.59,credit,State Bank of India,00000040552115380_000670,,False
00000040552115380,RAVI KUMAR,SBIN0965900,13/02/2024,,TO TRANSFER-UPI/650497291162/vinaypatil247@oksbi 650497291162,,,650497291162,,120.0,0.0,1201133.59,debit,State Bank of India,00000040552115380_000671,,False
00000040552115380,RAVI KUMAR,SBIN0965900,13/02/2024,,BY TRANSFER-INB IMPS769666662711/7828610011/XX8692/Remitly Tr- MAC8759716790,,,769666662711,,0.0,4800.0,1205933.59,credit,State Bank of India,00000040552115380_000672,,False
00000040552115380,RAVI KUMAR,SBIN0965900,14/02/2024,,POS/6752/PVR CINEMAS/PUNE 929087313361,,,929087313361,,449.0,0.0,1205484.59,debit,State Bank of India,00000040552115380_000673,,False
00000040552115380,RAVI KUMAR,SBIN0965900,15/02/2024,,BY TRANSFER-INB IMPS765004503798/6469496747/XX5223/Remitly Tr- MAC3029664279,,,765004503798,,0.0,500.0,1205984.59,credit,State Bank of India,00000040552115380_000674,,False
00000040552115380,RAVI KUMAR,SBIN0965900,15/02/2024,,TO TRANSFER-UPI/493171618721/arjunmehta938@paytm 493171618721,,,493171618721,,120.0,0.0,1205864.59,debit,State Bank of India,00000040552115380_000675,,False
00000040552115380,RAVI KUMAR,SBIN0965900,15/02/2024,,BY TRANSFER-INB IMPS046719388023/1009201547/XX9279/Remitly Tr- MAC7782996821,,,046719388023,,0.0,850.0,1206714.59,credit,State Bank of India,00000040552115380_000676,,False
00000040552115380,RAVI KUMAR,SBIN0965900,16/02/2024,,ATM WDL/3475/SECUNDERABAD 892178694319,,,892178694319,,249.0,0.0,1206465.59,debit,State Bank of India,00000040552115380_000677,,False
00000040552115380,RAVI KUMAR,SBIN0965900,16/02/2024,,POS/0150/AIRTEL/KORAMANGALA 012292100048,,,012292100048,,310.0,0.0,1206155.59,debit,State Bank of India,00000040552115380_000678,,False
00000040552115380,RAVI KUMAR,SBIN0965900,19/02/2024,,BY TRANSFER-INB IMPS272755559875/2480264097/XX7863/Remitly Tr- MAC4384684294,,,272755559875,,0.0,7500.0,1213655.59,credit,State Bank of India,00000040552115380_000679,,False
00000040552115380,RAVI KUMAR,SBIN0965900,20/02/2024,,BY TRANSFER-INB IMPS310942153595/5659451261/XX6241/Remitly Tr- MAC2009846829,,,310942153595,,0.0,2500.0,1216155.59,credit,State Bank of India,00000040552115380_000680,,False
00000040552115380,RAVI KUMAR,SBIN0965900,21/02/2024,,BY TRANSFER-INB IMPS439933479530/4413085373/XX3109/Remitly Tr- MAC9754309124,,,439933479530,,0.0,850.0,1217005.59,credit,State Bank of India,00000040552115380_000681,,False
00000040552115380,RAVI KUMAR,SBIN0965900,21/02/2024,,ATM WDL/9306/MARATHAHALLI 056953300489,,,056953300489,,999.0,0.0,1216006.59,debit,State Bank of India,00000040552115380_000682,,False
00000040552115380,RAVI KUMAR,SBIN0965900,22/02/2024,,ATM WDL/3209/WHITEFIELD 621463584483,,,621463584483,,1680.0,0.0,1214326.59,debit,State Bank of India,00000040552115380_000683,,False
00000040552115380,RAVI KUMAR,SBIN0965900,23/02/2024,,TO TRANSFER-UPI/919076873865/santoshiye729@ybl 919076873865,,,919076873865,,3499.0,0.0,1210827.59,debit,State Bank of India,00000040552115380_000684,,False
00000040552115380,RAVI KUMAR,SBIN0965900,25/02/2024,,ATM WDL/4506/KUKATPALLY 597118580822,,,597118580822,,449.0,0.0,1210378.59,debit,State Bank of India,00000040552115380_000685,,False
00000040552115380,RAVI KUMAR,SBIN0965900,26/02/2024,,TO TRANSFER-UPI/544171439522/poojasharm401@okhdfcbank 544171439522,,,544171439522,,3499.0,0.0,1206879.59,debit,State Bank of India,00000040552115380_000686,,False
00000040552115380,RAVI KUMAR,SBIN0965900,27/02/2024,,TO CLEARING-CIT AMAZON 560835 081100305710,,,081100305710,,699.0,0.0,1206180.59,debit,State Bank of India,00000040552115380_000687,,False
00000040552115380,RAVI KUMAR,SBIN0965900,28/02/2024,,BY TRANSFER-INB IMPS090128315287/8828480549/XX3668/Remitly Tr- MAC2837051679,,,090128315287,,0.0,2500.0,1208680.59,credit,State Bank of India,00000040552115380_000688,,False
00000040552115380,RAVI KUMAR,SBIN0965900,28/02/2024,,TO CLEARING-CIT DMART 078327 937737222799,,,937737222799,,699.0,0.0,1207981.59,debit,State Bank of India,00000040552115380_000689,,False
00000040552115380,RAVI KUMAR,SBIN0965900,28/02/2024,,BY TRANSFER-INB IMPS847017680005/8807536901/XX9967/Remitly Tr- MAC9683965803,,,847017680005,,0.0,11200.0,1219181.59,credit,State Bank of India,00000040552115380_000690,,False
00000040552115380,RAVI KUMAR,SBIN0965900,29/02/2024,,ATM WDL/5871/PUNE 883525948926,,,883525948926,,49.0,0.0,1219132.59,debit,State Bank of India,00000040552115380_000691,,False
00000040552115380,RAVI KUMAR,SBIN0965900,01/03/2024,,BY TRANSFER-2183657305411 SALARY RAVI KUMAR 275897368081,,,2183657305411,,0.0,44250.0,1263382.59,credit,State Bank of India,00000040552115380_000692,,False
00000040552115380,RAVI KUMAR,SBIN0965900,01/03/2024,,ATM WDL/1981/MANGALURU 749186375249,,,749186375249,,1680.0,0.0,1261702.59,debit,State Bank of India,00000040552115380_000693,,False
00000040552115380,RAVI KUMAR,SBIN0965900,03/03/2024,,BY TRANSFER-INB IMPS361939238421/6261320046/XX6365/Remitly Tr- MAC8963167479,,,361939238421,,0.0,4800.0,1266502.59,credit,State Bank of India,00000040552115380_000694,,False
00000040552115380,RAVI KUMAR,SBIN0965900,03/03/2024,,TO CLEARING-CIT BOOKMYSHOW 073572 136053528961,,,136053528961,,1250.0,0.0,1265252.59,debit,State Bank of India,00000040552115380_000695,,False
00000040552115380,RAVI KUMAR,SBIN0965900,04/03/2024,,TO TRANSFER-UPI/818899607542/rohitsharm929@ybl 818899607542,,,818899607542,,5200.0,0.0,1260052.59,debit,State Bank of India,00000040552115380_000696,,False
00000040552115380,RAVI KUMAR,SBIN0965900,04/03/2024,,NEFT DR-HDFC0890045-ANJALI RAO-800918038384-RENT 099299847195,,,800918038384,,26500.0,0.0,1233552.59,debit,State Bank of India,00000040552115380_000697,,False
00000040552115380,RAVI KUMAR,SBIN0965900,05/03/2024,,POS/2470/JIO/PUNE 406405158468,,,406405158468,,3499.0,0.0,1230053.59,debit,State Bank of India,00000040552115380_000698,,False
00000040552115380,RAVI KUMAR,SBIN0965900,05/03/2024,,POS/5813/BPCL/MUMBAI 165414566419,,,165414566419,,120.0,0.0,1229933.59,debit,State Bank of India,00000040552115380_000699,,False
00000040552115380,RAVI KUMAR,SBIN0965900,05/03/2024,,TO CLEARING-CIT RELIANCE FRESH 719739 725730566665,,,725730566665,,1680.0,0.0,1228253.59,debit,State Bank of India,00000040552115380_000700,,False
00000040552115380,RAVI KUMAR,SBIN0965900,05/03/2024,,TO CLEARING-CIT IOCL 457793 126205300523,,,126205300523,,79.0,0.0,1228174.59,debit,State Bank of India,00000040552115380_000701,,False
00000040552115380,RAVI KUMAR,SBIN0965900,05/03/2024,,POS/9087/BESCOM/JAYANAGAR 597324378442,,,597324378442,,120.0,0.0,1228054.59,debit,State Bank of India,00000040552115380_000702,,False
00000040552115380,RAVI KUMAR,SBIN0965900,06/03/2024,,TO TRANSFER-UPI/546452498953/anjalirao856@okaxis 546452498953,,,546452498953,,3499.0,0.0,1224555.59,debit,State Bank of India,00000040552115380_000703,,False
00000040552115380,RAVI KUMAR,SBIN0965900,06/03/2024,,ATM WDL/0577/BANJARA HILLS 837002833723,,,837002833723,,79.0,0.0,1224476.59,debit,State Bank of India,00000040552115380_000704,,False
00000040552115380,RAVI KUMAR,SBIN0965900,06/03/2024,,POS/7878/DMART/PUNE 734496075206,,,734496075206,,3499.0,0.0,1220977.59,debit,State Bank of India,00000040552115380_000705,,False
00000040552115380,RAVI KUMAR,SBIN0965900,07/03/2024,,POS/7372/PVR CINEMAS/PUNE 541944668785,,,541944668785,,699.0,0.0,1220278.59,debit,State Bank of India,00000040552115380_000706,,False
00000040552115380,RAVI KUMAR,SBIN0965900,09/03/2024,,TO CLEARING-CIT AMAZON 724576 118364085122,,,118364085122,,2380.0,0.0,1217898.59,debit,State Bank of India,00000040552115380_000707,,False
00000040552115380,RAVI KUMAR,SBIN0965900,10/03/2024,,ATM WDL/5039/INDIRANAGAR 003687366122,,,003687366122,,1250.0,0.0,1216648.59,debit,State Bank of India,00000040552115380_000708,,False
00000040552115380,RAVI KUMAR,SBIN0965900,11/03/2024,,ATM WDL/4689/PUNE 193768985051,,,193768985051,,3499.0,0.0,1213149.59,debit,State Bank of India,00000040552115380_000709,,False
00000040552115380,RAVI KUMAR,SBIN0965900,11/03/2024,,ATM WDL/3310/MYSURU 739415850059,,,739415850059,,3499.0,0.0,1209650.59,debit,State Bank of India,00000040552115380_000710,,False
00000040552115380,RAVI KUMAR,SBIN0965900,11/03/2024,,ATM WDL/8703/KORAMANGALA 783455283037,,,783455283037,,5200.0,0.0,1204450.59,debit,State Bank of India,00000040552115380_000711,,False
00000040552115380,RAVI KUMAR,SBIN0965900,12/03/2024,,POS/2175/AMAZON/HSR LAYOUT 830430062998,,,830430062998,,699.0,0.0,1203751.59,debit,State Bank of India,00000040552115380_000712,,False
00000040552115380,RAVI KUMAR,SBIN0965900,12/03/2024,,TO TRANSFER-UPI/844602868936/harishmeno347@oksbi 844602868936,,,844602868936,,5200.0,0.0,1198551.59,debit,State Bank of India,00000040552115380_000713,,False
00000040552115380,RAVI KUMAR,SBIN0965900,13/03/2024,,POS/4551/FLIPKART/KUKATPALLY 141324894819,,,141324894819,,449.0,0.0,1198102.59,debit,State Bank of India,00000040552115380_000714,,False
00000040552115380,RAVI KUMAR,SBIN0965900,14/03/2024,,ATM WDL/9947/HSR LAYOUT 738683767749,,,738683767749,,449.0,0.0,1197653.59,debit,State Bank of India,00000040552115380_000715,,False
00000040552115380,RAVI KUMAR,SBIN0965900,15/03/2024,,POS/7314/ZOMATO/PUNE 490985663732,,,490985663732,,249.0,0.0,1197404.59,debit,State Bank of India,00000040552115380_000716,,False
00000040552115380,RAVI KUMAR,SBIN0965900,17/03/2024,,POS/0579/BESCOM/WHITEFIELD 286670349252,,,286670349252,,1680.0,0.0,1195724.59,debit,State Bank of India,00000040552115380_000717,,False
00000040552115380,RAVI KUMAR,SBIN0965900,17/03/2024,,TO CLEARING-CIT FLIPKART 435715 336625914691,,,336625914691,,1250.0,0.0,1194474.59,debit,State Bank of India,00000040552115380_000718,,False
00000040552115380,RAVI KUMAR,SBIN0965900,19/03/2024,,BY TRANSFER-INB IMPS945158695566/8045834083/XX5210/Remitly Tr- MAC9803569422,,,945158695566,,0.0,18500.0,1212974.59,credit,State Bank of India,00000040552115380_000719,,False
00000040552115380,RAVI KUMAR,SBIN0965900,19/03/2024,,BY TRANSFER-INB IMPS181057805787/7532179285/XX9279/Remitly Tr- MAC1877673003,,,181057805787,,0.0,1200.0,1214174.59,credit,State Bank of India,00000040552115380_000720,,False
00000040552115380,RAVI KUMAR,SBIN0965900,19/03/2024,,TO CLEARING-CIT IOCL 199066 152429925837,,,152429925837,,2380.0,0.0,1211794.59,debit,State Bank of India,00000040552115380_000721,,False
00000040552115380,RAVI KUMAR,SBIN0965900,19/03/2024,,TO TRANSFER-UPI/660318722779/vinaypatil390@okaxis 660318722779,,,660318722779,,1680.0,0.0,1210114.59,debit,State Bank of India,00000040552115380_000722,,False
00000040552115380,RAVI KUMAR,SBIN0965900,21/03/2024,,ATM WDL/1813/JAYANAGAR 822646943728,,,822646943728,,449.0,0.0,1209665.59,debit,State Bank of India,00000040552115380_000723,,False
00000040552115380,RAVI KUMAR,SBIN0965900,21/03/2024,,TO TRANSFER-UPI/431193847045/rajeshverm16@okaxis 431193847045,,,431193847045,,49.0,0.0,1209616.59,debit,State Bank of India,00000040552115380_000724,,False
00000040552115380,RAVI KUMAR,SBIN0965900,21/03/2024,,BY TRANSFER-INB IMPS478126983051/6386549072/XX9846/Remitly Tr- MAC0941326597,,,478126983051,,0.0,500.0,1210116.59,credit,State Bank of India,00000040552115380_000725,,False
00000040552115380,RAVI KUMAR,SBIN0965900,21/03/2024,,TO CLEARING-CIT OLA 370734 184448476938,,,184448476938,,999.0,0.0,1209117.59,debit,State Bank of India,00000040552115380_000726,,False
00000040552115380,RAVI KUMAR,SBIN0965900,21/03/2024,,TO TRANSFER-UPI/401820207795/meerapilla601@ybl 401820207795,,,401820207795,,449.0,0.0,1208668.59,debit,State Bank of India,00000040552115380_000727,,False
00000040552115380,RAVI KUMAR,SBIN0965900,22/03/2024,,POS/7679/BOOKMYSHOW/MANGALURU 372306274516,,,372306274516,,5200.0,0.0,1203468.59,debit,State Bank of India,00000040552115380_000728,,False
00000040552115380,RAVI KUMAR,SBIN0965900,22/03/2024,,NEFT-410651988130-SOUTHERN RETAILS-REIMB-115380-HDFC0273105 704310775982,,,410651988130,,0.0,12000.0,1215468.59,credit,State Bank of India,00000040552115380_000729,,False
00000040552115380,RAVI KUMAR,SBIN0965900,23/03/2024,,ATM WDL/4819/SECUNDERABAD 104494657455,,,104494657455,,249.0,0.0,1215219.59,debit,State Bank of India,00000040552115380_000730,,False
00000040552115380,RAVI KUMAR,SBIN0965900,24/03/2024,,TO CLEARING-CIT IRCTC 235721 700728222975,,,700728222975,,2380.0,0.0,1212839.59,debit,State Bank of India,00000040552115380_000731,,False
00000040552115380,RAVI KUMAR,SBIN0965900,24/03/2024,,ATM WDL/9737/MARATHAHALLI 292639792228,,,292639792228,,2380.0,0.0,1210459.59,debit,State Bank of India,00000040552115380_000732,,False
00000040552115380,RAVI KUMAR,SBIN0965900,25/03/2024,,CREDIT INTEREST CAPITALISED 949592436371,,,949592436371,,0.0,189.95,1210649.54,credit,State Bank of India,00000040552115380_000733,,False
00000040552115380,RAVI KUMAR,SBIN0965900,25/03/2024,,GST ON BANK CHARGES 127228474715,,,127228474715,,17.7,0.0,1210631.84,debit,State Bank of India,00000040552115380_000734,,False
00000040552115380,RAVI KUMAR,SBIN0965900,25/03/2024,,TO CLEARING-CIT MEDPLUS 228620 756876600208,,,756876600208,,310.0,0.0,1210321.84,debit,State Bank of India,00000040552115380_000735,,False
00000040552115380,RAVI KUMAR,SBIN0965900,25/03/2024,,ATM WDL/7728/MARATHAHALLI 069051065730,,,069051065730,,249.0,0.0,1210072.84,debit,State Bank of India,00000040552115380_000736,,False
00000040552115380,RAVI KUMAR,SBIN0965900,27/03/2024,,POS/4768/MEDPLUS/PUNE 736690792906,,,736690792906,,3499.0,0.0,1206573.84,debit,State Bank of India,00000040552115380_000737,,False
00000040552115380,RAVI KUMAR,SBIN0965900,28/03/2024,,POS/3122/IRCTC/HYDERABAD 515660156402,,,515660156402,,999.0,0.0,1205574.84,debit,State Bank of India,00000040552115380_000738,,False
00000040552115380,RAVI KUMAR,SBIN0965900,28/03/2024,,ATM WDL/3581/WHITEFIELD 827619401344,,,827619401344,,79.0,0.0,1205495.84,debit,State Bank of India,00000040552115380_000739,,False
00000040552115380,RAVI KUMAR,SBIN0965900,28/03/2024,,TO CLEARING-CIT APOLLO PHARMACY 656025 740588253864,,,740588253864,,699.0,0.0,1204796.84,debit,State Bank of India,00000040552115380_000740,,False
00000040552115380,RAVI KUMAR,SBIN0965900,29/03/2024,,TO TRANSFER-UPI/238865779927/tarageorge244@paytm 238865779927,,,238865779927,,7800.0,0.0,1196996.84,debit,State Bank of India,00000040552115380_000741,,False
00000040552115380,RAVI KUMAR,SBIN0965900,29/03/2024,,TO TRANSFER-UPI/545481740498/meerapilla667@oksbi 545481740498,,,545481740498,,5200.0,0.0,1191796.84,debit,State Bank of India,00000040552115380_000742,,False
00000040552115380,RAVI KUMAR,SBIN0965900,29/03/2024,,TO TRANSFER-UPI/366316762208/lathadevi827@okhdfcbank 366316762208,,,366316762208,,3499.0,0.0,1188297.84,debit,State Bank of India,00000040552115380_000743,,False
00000040552115380,RAVI KUMAR,SBIN0965900,30/03/2024,,TO CLEARING-CIT APOLLO PHARMACY 758068 295868398764,,,295868398764,,49.0,0.0,1188248.84,debit,State Bank of India,00000040552115380_000744,,False
00000040552115380,RAVI KUMAR,SBIN0965900,30/03/2024,,BY TRANSFER-INB IMPS297579900308/4015750277/XX6008/Remitly Tr- MAC2962406281,,,297579900308,,0.0,11200.0,1199448.84,credit,State Bank of India,00000040552115380_000745,,False
00000040552115380,RAVI KUMAR,SBIN0965900,31/03/2024,,TO CLEARING-CIT BOOKMYSHOW 941056 359788089021,,,359788089021,,5200.0,0.0,1194248.84,debit,State Bank of India,00000040552115380_000746,,False
00000040552115380,RAVI KUMAR,SBIN0965900,01/04/2024,,TO CLEARING-CIT FLIPKART 868816 797081442191,,,797081442191,,79.0,0.0,1194169.84,debit,State Bank of India,00000040552115380_000747,,False
00000040552115380,RAVI KUMAR,SBIN0965900,02/04/2024,,BY TRANSFER-0706508716733 SALARY RAVI KUMAR 408671049606,,,0706508716733,,0.0,44250.0,1238419.84,credit,State Bank of India,00000040552115380_000748,,False
00000040552115380,RAVI KUMAR,SBIN0965900,02/04/2024,,TO TRANSFER-UPI/208789002339/sunilshett782@okhdfcbank 208789002339,,,208789002339,,7800.0,0.0,1230619.84,debit,State Bank of India,00000040552115380_000749,,False
00000040552115380,RAVI KUMAR,SBIN0965900,03/04/2024,,BY TRANSFER-INB IMPS288107008544/3863660919/XX3647/Remitly Tr- MAC8306954197,,,288107008544,,0.0,1200.0,1231819.84,credit,State Bank of India,00000040552115380_000750,,False
00000040552115380,RAVI KUMAR,SBIN0965900,03/04/2024,,NEFT DR-HDFC0230145-VINAY PATIL-178319056300-RENT 093533499128,,,178319056300,,22000.0,0.0,1209819.84,debit,State Bank of India,00000040552115380_000751,,False
00000040552115380,RAVI KUMAR,SBIN0965900,03/04/2024,,ATM WDL/1071/SECUNDERABAD 256891674503,,,256891674503,,850.0,0.0,1208969.84,debit,State Bank of India,00000040552115380_000752,,False
00000040552115380,RAVI KUMAR,SBIN0965900,04/04/2024,,BY TRANSFER-INB IMPS325941516778/3169487138/XX5055/Remitly Tr- MAC2064863454,,,325941516778,,0.0,11200.0,1220169.84,credit,State Bank of India,00000040552115380_000753,,False
00000040552115380,RAVI KUMAR,SBIN0965900,05/04/2024,,POS/1608/IRCTC/KORAMANGALA 759157319339,,,759157319339,,1250.0,0.0,1218919.84,debit,State Bank of India,00000040552115380_000754,,False
00000040552115380,RAVI KUMAR,SBIN0965900,05/04/2024,,BY TRANSFER-INB IMPS358556737307/6384783110/XX1442/Remitly Tr- MAC3179152783,,,358556737307,,0.0,18500.0,1237419.84,credit,State Bank of India,00000040552115380_000755,,False
00000040552115380,RAVI KUMAR,SBIN0965900,06/04/2024,,POS/1771/SWIGGY/SECUNDERABAD 629483213965,,,629483213965,,249.0,0.0,1237170.84,debit,State Bank of India,00000040552115380_000756,,False
00000040552115380,RAVI KUMAR,SBIN0965900,06/04/2024,,BY TRANSFER-INB IMPS886592565810/7396866217/XX9034/Remitly Tr- MAC7526993511,,,886592565810,,0.0,18500.0,1255670.84,credit,State Bank of India,00000040552115380_000757,,False
00000040552115380,RAVI KUMAR,SBIN0965900,06/04/2024,,POS/4599/IOCL/SECUNDERABAD 409695340565,,,409695340565,,449.0,0.0,1255221.84,debit,State Bank of India,00000040552115380_000758,,False
00000040552115380,RAVI KUMAR,SBIN0965900,07/04/2024,,BY TRANSFER-INB IMPS006375296196/2468025141/XX5974/Remitly Tr- MAC3405414684,,,006375296196,,0.0,1200.0,1256421.84,credit,State Bank of India,00000040552115380_000759,,False
00000040552115380,RAVI KUMAR,SBIN0965900,07/04/2024,,ATM WDL/4601/JAYANAGAR 317915945244,,,317915945244,,1250.0,0.0,1255171.84,debit,State Bank of India,00000040552115380_000760,,False
00000040552115380,RAVI KUMAR,SBIN0965900,07/04/2024,,BY TRANSFER-INB IMPS881590224761/3629013588/XX0435/Remitly Tr- MAC8446594341,,,881590224761,,0.0,18500.0,1273671.84,credit,State Bank of India,00000040552115380_000761,,False
00000040552115380,RAVI KUMAR,SBIN0965900,07/04/2024,,BY TRANSFER-INB IMPS837674992055/0138903538/XX4794/Remitly Tr- MAC7655959697,,,837674992055,,0.0,11200.0,1284871.84,credit,State Bank of India,00000040552115380_000762,,False
00000040552115380,RAVI KUMAR,SBIN0965900,09/04/2024,,TO TRANSFER-UPI/941621473797/rohitsharm334@okhdfcbank 941621473797,,,941621473797,,850.0,0.0,1284021.84,debit,State Bank of India,00000040552115380_000763,,False
00000040552115380,RAVI KUMAR,SBIN0965900,09/04/2024,,POS/8004/BESCOM/PUNE 451590247616,,,451590247616,,120.0,0.0,1283901.84,debit,State Bank of India,00000040552115380_000764,,False
00000040552115380,RAVI KUMAR,SBIN0965900,09/04/2024,,POS/8085/MEDPLUS/KORAMANGALA 818550965109,,,818550965109,,850.0,0.0,1283051.84,debit,State Bank of India,00000040552115380_000765,,False
00000040552115380,RAVI KUMAR,SBIN0965900,09/04/2024,,POS/7603/PVR CINEMAS/INDIRANAGAR 007639570805,,,007639570805,,3499.0,0.0,1279552.84,debit,State Bank of India,00000040552115380_000766,,False
00000040552115380,RAVI KUMAR,SBIN0965900,10/04/2024,,POS/5835/DMART/WHITEFIELD 740306870410,,,740306870410,,1680.0,0.0,1277872.84,debit,State Bank of India,00000040552115380_000767,,False
00000040552115380,RAVI KUMAR,SBIN0965900,12/04/2024,,TO TRANSFER-UPI/000286285195/reshmakhan98@okaxis 000286285195,,,000286285195,,2380.0,0.0,1275492.84,debit,State Bank of India,00000040552115380_000768,,False
00000040552115380,RAVI KUMAR,SBIN0965900,12/04/2024,,POS/1230/BPCL/HYDERABAD 098744664846,,,098744664846,,850.0,0.0,1274642.84,debit,State Bank of India,00000040552115380_000769,,False
00000040552115380,RAVI KUMAR,SBIN0965900,13/04/2024,,BY TRANSFER-INB IMPS424792468953/9573989562/XX9377/Remitly Tr- MAC2961603452,,,424792468953,,0.0,500.0,1275142.84,credit,State Bank of India,00000040552115380_000770,,False
00000040552115380,RAVI KUMAR,SBIN0965900,13/04/2024,,ATM WDL/4721/HYDERABAD 227475218489,,,227475218489,,1680.0,0.0,1273462.84,debit,State Bank of India,00000040552115380_000771,,False
00000040552115380,RAVI KUMAR,SBIN0965900,13/04/2024,,POS/6179/AMAZON/BTM LAYOUT 474668852488,,,474668852488,,249.0,0.0,1273213.84,debit,State Bank of India,00000040552115380_000772,,False
00000040552115380,RAVI KUMAR,SBIN0965900,13/04/2024,,BY TRANSFER-INB IMPS248252192486/0329383828/XX5819/Remitly Tr- MAC9938066359,,,248252192486,,0.0,2500.0,1275713.84,credit,State Bank of India,00000040552115380_000773,,False
00000040552115380,RAVI KUMAR,SBIN0965900,14/04/2024,,ATM WDL/9094/HSR LAYOUT 422069035577,,,422069035577,,310.0,0.0,1275403.84,debit,State Bank of India,00000040552115380_000774,,False
00000040552115380,RAVI KUMAR,SBIN0965900,14/04/2024,,POS/1013/DMART/SECUNDERABAD 709676041325,,,709676041325,,120.0,0.0,1275283.84,debit,State Bank of India,00000040552115380_000775,,False
00000040552115380,RAVI KUMAR,SBIN0965900,14/04/2024,,TO TRANSFER-UPI/559856412654/reshmakhan508@paytm 559856412654,,,559856412654,,120.0,0.0,1275163.84,debit,State Bank of India,00000040552115380_000776,,False
00000040552115380,RAVI KUMAR,SBIN0965900,15/04/2024,,POS/2467/FLIPKART/KUKATPALLY 855462762411,,,855462762411,,1250.0,0.0,1273913.84,debit,State Bank of India,00000040552115380_000777,,False
00000040552115380,RAVI KUMAR,SBIN0965900,15/04/2024,,BY TRANSFER-INB IMPS459232420104/5677012349/XX3280/Remitly Tr- MAC5805659219,,,459232420104,,0.0,500.0,1274413.84,credit,State Bank of India,00000040552115380_000778,,False
00000040552115380,RAVI KUMAR,SBIN0965900,16/04/2024,,BY TRANSFER-INB IMPS162069265658/3998310306/XX2240/Remitly Tr- MAC4440869530,,,162069265658,,0.0,11200.0,1285613.84,credit,State Bank of India,00000040552115380_000779,,False
00000040552115380,RAVI KUMAR,SBIN0965900,17/04/2024,,POS/7861/DMART/MYSURU 987865143133,,,987865143133,,999.0,0.0,1284614.84,debit,State Bank of India,00000040552115380_000780,,False
00000040552115380,RAVI KUMAR,SBIN0965900,17/04/2024,,BY TRANSFER-INB IMPS682057764728/9990425114/XX2508/Remitly Tr- MAC4780599756,,,682057764728,,0.0,1200.0,1285814.84,credit,State Bank of India,00000040552115380_000781,,False
00000040552115380,RAVI KUMAR,SBIN0965900,17/04/2024,,BY TRANSFER-INB IMPS292367225692/2634481237/XX0685/Remitly Tr- MAC1267914452,,,292367225692,,0.0,1200.0,1287014.84,credit,State Bank of India,00000040552115380_000782,,False
00000040552115380,RAVI KUMAR,SBIN0965900,18/04/2024,,ATM WDL/5627/PUNE 635553487515,,,635553487515,,3499.0,0.0,1283515.84,debit,State Bank of India,00000040552115380_000783,,False
00000040552115380,RAVI KUMAR,SBIN0965900,18/04/2024,,ATM WDL/9592/PUNE 693689577391,,,693689577391,,120.0,0.0,1283395.84,debit,State Bank of India,00000040552115380_000784,,False
00000040552115380,RAVI KUMAR,SBIN0965900,18/04/2024,,TO TRANSFER-UPI/892830257448/naveenkuma629@paytm 892830257448,,,892830257448,,310.0,0.0,1283085.84,debit,State Bank of India,00000040552115380_000785,,False
00000040552115380,RAVI KUMAR,SBIN0965900,19/04/2024,,ATM WDL/0493/KORAMANGALA 749840855037,,,749840855037,,2380.0,0.0,1280705.84,debit,State Bank of India,00000040552115380_000786,,False
00000040552115380,RAVI KUMAR,SBIN0965900,20/04/2024,,TO TRANSFER-UPI/254663998124/lathadevi767@ybl 254663998124,,,254663998124,,699.0,0.0,1280006.84,debit,State Bank of India,00000040552115380_000787,,False
00000040552115380,RAVI KUMAR,SBIN0965900,20/04/2024,,ATM WDL/0569/BANJARA HILLS 781144587283,,,781144587283,,310.0,0.0,1279696.84,debit,State Bank of India,00000040552115380_000788,,False
00000040552115380,RAVI KUMAR,SBIN0965900,20/04/2024,,TO TRANSFER-UPI/909718400933/vinaypatil127@okaxis 909718400933,,,909718400933,,79.0,0.0,1279617.84,debit,State Bank of India,00000040552115380_000789,,False
00000040552115380,RAVI KUMAR,SBIN0965900,20/04/2024,,TO CLEARING-CIT BPCL 123788 272568280385,,,272568280385,,449.0,0.0,1279168.84,debit,State Bank of India,00000040552115380_000790,,False
00000040552115380,RAVI KUMAR,SBIN0965900,20/04/2024,,TO CLEARING-CIT BESCOM 030656 476037616870,,,476037616870,,1680.0,0.0,1277488.84,debit,State Bank of India,00000040552115380_000791,,False
00000040552115380,RAVI KUMAR,SBIN0965900,20/04/2024,,POS/1984/OLA/SECUNDERABAD 399073536172,,,399073536172,,449.0,0.0,1277039.84,debit,State Bank of India,00000040552115380_000792,,False
00000040552115380,RAVI KUMAR,SBIN0965900,21/04/2024,,BY TRANSFER-INB IMPS824206353603/7147758069/XX9391/Remitly Tr- MAC0368991283,,,824206353603,,0.0,1200.0,1278239.84,credit,State Bank of India,00000040552115380_000793,,False
00000040552115380,RAVI KUMAR,SBIN0965900,21/04/2024,,TO CLEARING-CIT SWIGGY 935427 576476698250,,,576476698250,,249.0,0.0,1277990.84,debit,State Bank of India,00000040552115380_000794,,False
00000040552115380,RAVI KUMAR,SBIN0965900,22/04/2024,,POS/7785/AIRTEL/KUKATPALLY 871298296787,,,871298296787,,449.0,0.0,1277541.84,debit,State Bank of India,00000040552115380_000795,,False
00000040552115380,RAVI KUMAR,SBIN0965900,23/04/2024,,TO CLEARING-CIT IRCTC 490248 423706453785,,,423706453785,,1680.0,0.0,1275861.84,debit,State Bank of India,00000040552115380_000796,,False
00000040552115380,RAVI KUMAR,SBIN0965900,23/04/2024,,POS/4856/IOCL/MUMBAI 158237036704,,,158237036704,,2380.0,0.0,1273481.84,debit,State Bank of India,00000040552115380_000797,,False
00000040552115380,RAVI KUMAR,SBIN0965900,24/04/2024,,POS/1751/BESCOM/MANGALURU 333236150893,,,333236150893,,3499.0,0.0,1269982.84,debit,State Bank of India,00000040552115380_000798,,False
00000040552115380,RAVI KUMAR,SBIN0965900,24/04/2024,,TO CLEARING-CIT RELIANCE FRESH 427123 342088319941,,,342088319941,,2380.0,0.0,1267602.84,debit,State Bank of India,00000040552115380_000799,,False
00000040552115380,RAVI KUMAR,SBIN0965900,25/04/2024,,BY TRANSFER-INB IMPS638515494806/2496765906/XX2344/Remitly Tr- MAC3772355163,,,638515494806,,0.0,7500.0,1275102.84,credit,State Bank of India,00000040552115380_000800,,False
00000040552115380,RAVI KUMAR,SBIN0965900,25/04/2024,,TO TRANSFER-UPI/822647664418/harishmeno214@ybl 822647664418,,,822647664418,,850.0,0.0,1274252.84,debit,State Bank of India,00000040552115380_000801,,False
00000040552115380,RAVI KUMAR,SBIN0965900,26/04/2024,,TO TRANSFER-UPI/617606254725/ayeshakhan855@paytm 617606254725,,,617606254725,,49.0,0.0,1274203.84,debit,State Bank of India,00000040552115380_000802,,False
00000040552115380,RAVI KUMAR,SBIN0965900,27/04/2024,,BY TRANSFER-INB IMPS394726473925/2584990699/XX2038/Remitly Tr- MAC1574076232,,,394726473925,,0.0,850.0,1275053.84,credit,State Bank of India,00000040552115380_000803,,False
00000040552115380,RAVI KUMAR,SBIN0965900,29/04/2024,,BY TRANSFER-INB IMPS004886946941/9152441393/XX1177/Remitly Tr- MAC5109910285,,,004886946941,,0.0,4800.0,1279853.84,credit,State Bank of India,00000040552115380_000804,,False
00000040552115380,RAVI KUMAR,SBIN0965900,29/04/2024,,BY TRANSFER-INB IMPS437887662187/7534888407/XX1064/Remitly Tr- MAC1059106961,,,437887662187,,0.0,7500.0,1287353.84,credit,State Bank of India,00000040552115380_000805,,False
00000040552115380,RAVI KUMAR,SBIN0965900,29/04/2024,,NEFT-958733518388-SOUTHERN RETAILS-REIMB-115380-HDFC0320794 790412804466,,,958733518388,,0.0,24000.0,1311353.84,credit,State Bank of India,00000040552115380_000806,,False
00000040552115380,RAVI KUMAR,SBIN0965900,30/04/2024,,ATM WDL/8281/MARATHAHALLI 347744293322,,,347744293322,,2380.0,0.0,1308973.84,debit,State Bank of India,00000040552115380_000807,,False
00000040552115380,RAVI KUMAR,SBIN0965900,01/05/2024,,BY TRANSFER-4951384016615 SALARY RAVI KUMAR 274954997839,,,4951384016615,,0.0,44250.0,1353223.84,credit,State Bank of India,00000040552115380_000808,,False
00000040552115380,RAVI KUMAR,SBIN0965900,02/05/2024,,ATM WDL/0408/JAYANAGAR 539598122536,,,539598122536,,1680.0,0.0,1351543.84,debit,State Bank of India,00000040552115380_000809,,False
00000040552115380,RAVI KUMAR,SBIN0965900,02/05/2024,,TO CLEARING-CIT JIO 764082 635782558885,,,635782558885,,3499.0,0.0,1348044.84,debit,State Bank of India,00000040552115380_000810,,False
00000040552115380,RAVI KUMAR,SBIN0965900,03/05/2024,,NEFT DR-HDFC0196640-PRIYA NAIR-212597587263-RENT 840415536175,,,212597587263,,22000.0,0.0,1326044.84,debit,State Bank of India,00000040552115380_000811,,False
00000040552115380,RAVI KUMAR,SBIN0965900,03/05/2024,,BY TRANSFER-INB IMPS788249392626/9705215759/XX5253/Remitly Tr- MAC9360067630,,,788249392626,,0.0,7500.0,1333544.84,credit,State Bank of India,00000040552115380_000812,,False
00000040552115380,RAVI KUMAR,SBIN0965900,03/05/2024,,ATM WDL/3104/BANJARA HILLS 812155841990,,,812155841990,,249.0,0.0,1333295.84,debit,State Bank of India,00000040552115380_000813,,False
00000040552115380,RAVI KUMAR,SBIN0965900,03/05/2024,,POS/7480/UBER/BANJARA HILLS 079506724932,,,079506724932,,310.0,0.0,1332985.84,debit,State Bank of India,00000040552115380_000814,,False
00000040552115380,RAVI KUMAR,SBIN0965900,04/05/2024,,BY TRANSFER-INB IMPS381934265206/2879116143/XX5516/Remitly Tr- MAC9313490059,,,381934265206,,0.0,4800.0,1337785.84,credit,State Bank of India,00000040552115380_000815,,False
00000040552115380,RAVI KUMAR,SBIN0965900,05/05/2024,,POS/7800/MEDPLUS/BTM LAYOUT 328077658531,,,328077658531,,249.0,0.0,1337536.84,debit,State Bank of India,00000040552115380_000816,,False
00000040552115380,RAVI KUMAR,SBIN0965900,05/05/2024,,POS/3777/BESCOM/SECUNDERABAD 725560542861,,,725560542861,,249.0,0.0,1337287.84,debit,State Bank of India,00000040552115380_000817,,False
00000040552115380,RAVI KUMAR,SBIN0965900,05/05/2024,,TO TRANSFER-UPI/069386332941/vinaypatil373@paytm 069386332941,,,069386332941,,449.0,0.0,1336838.84,debit,State Bank of India,00000040552115380_000818,,False
00000040552115380,RAVI KUMAR,SBIN0965900,07/05/2024,,ATM WDL/2013/INDIRANAGAR 319069916360,,,319069916360,,2380.0,0.0,1334458.84,debit,State Bank of India,00000040552115380_000819,,False
00000040552115380,RAVI KUMAR,SBIN0965900,09/05/2024,,BY TRANSFER-INB IMPS738082157662/7668081432/XX2628/Remitly Tr- MAC3299951809,,,738082157662,,0.0,2500.0,1336958.84,credit,State Bank of India,00000040552115380_000820,,False
00000040552115380,RAVI KUMAR,SBIN0965900,09/05/2024,,POS/9375/DMART/MANGALURU 880736298920,,,880736298920,,120.0,0.0,1336838.84,debit,State Bank of India,00000040552115380_000821,,False
00000040552115380,RAVI KUMAR,SBIN0965900,09/05/2024,,TO CLEARING-CIT IOCL 346541 898795186895,,,898795186895,,999.0,0.0,1335839.84,debit,State Bank of India,00000040552115380_000822,,False
00000040552115380,RAVI KUMAR,SBIN0965900,11/05/2024,,TO CLEARING-CIT RELIANCE FRESH 483168 066599492186,,,066599492186,,449.0,0.0,1335390.84,debit,State Bank of India,00000040552115380_000823,,False
00000040552115380,RAVI KUMAR,SBIN0965900,11/05/2024,,POS/7227/PVR CINEMAS/KORAMANGALA 418855906018,,,418855906018,,699.0,0.0,1334691.84,debit,State Bank of India,00000040552115380_000824,,False
00000040552115380,RAVI KUMAR,SBIN0965900,13/05/2024,,POS/1543/BESCOM/INDIRANAGAR 399871761175,,,399871761175,,3499.0,0.0,1331192.84,debit,State Bank of India,00000040552115380_000825,,False
00000040552115380,RAVI KUMAR,SBIN0965900,13/05/2024,,BY TRANSFER-INB IMPS057963268267/5336619699/XX6606/Remitly Tr- MAC8323735613,,,057963268267,,0.0,24000.0,1355192.84,credit,State Bank of India,00000040552115380_000826,,False
00000040552115380,RAVI KUMAR,SBIN0965900,14/05/2024,,POS/6456/BOOKMYSHOW/MARATHAHALLI 192663829955,,,192663829955,,7800.0,0.0,1347392.84,debit,State Bank of India,00000040552115380_000827,,False
00000040552115380,RAVI KUMAR,SBIN0965900,14/05/2024,,TO TRANSFER-UPI/546805151323/meerapilla163@okaxis 546805151323,,,546805151323,,1250.0,0.0,1346142.84,debit,State Bank of India,00000040552115380_000828,,False
00000040552115380,RAVI KUMAR,SBIN0965900,14/05/2024,,TO TRANSFER-UPI/247115618362/poojasharm975@paytm 247115618362,,,247115618362,,120.0,0.0,1346022.84,debit,State Bank of India,00000040552115380_000829,,False
00000040552115380,RAVI KUMAR,SBIN0965900,14/05/2024,,TO CLEARING-CIT UBER 612590 120381143036,,,120381143036,,79.0,0.0,1345943.84,debit,State Bank of India,00000040552115380_000830,,False
00000040552115380,RAVI KUMAR,SBIN0965900,15/05/2024,,BY TRANSFER-INB IMPS044334302196/8321341719/XX4558/Remitly Tr- MAC3043848530,,,044334302196,,0.0,11200.0,1357143.84,credit,State Bank of India,00000040552115380_000831,,False
00000040552115380,RAVI KUMAR,SBIN0965900,15/05/2024,,POS/6578/OLA/KUKATPALLY 563840069170,,,563840069170,,1680.0,0.0,1355463.84,debit,State Bank of India,00000040552115380_000832,,False
00000040552115380,RAVI KUMAR,SBIN0965900,15/05/2024,,BY TRANSFER-INB IMPS733350697854/0161301888/XX5717/Remitly Tr- MAC6678400126,,,733350697854,,0.0,2500.0,1357963.84,credit,State Bank of India,00000040552115380_000833,,False
00000040552115380,RAVI KUMAR,SBIN0965900,15/05/2024,,TO CLEARING-CIT SWIGGY 119770 287348158976,,,287348158976,,2380.0,0.0,1355583.84,debit,State Bank of India,00000040552115380_000834,,False
00000040552115380,RAVI KUMAR,SBIN0965900,16/05/2024,,TO CLEARING-CIT FLIPKART 106538 530736332624,,,530736332624,,249.0,0.0,1355334.84,debit,State Bank of India,00000040552115380_000835,,False
00000040552115380,RAVI KUMAR,SBIN0965900,16/05/2024,,ATM WDL/4044/MANGALURU 380787736782,,,380787736782,,79.0,0.0,1355255.84,debit,State Bank of India,00000040552115380_000836,,False
00000040552115380,RAVI KUMAR,SBIN0965900,17/05/2024,,TO CLEARING-CIT BESCOM 175346 421612273300,,,421612273300,,310.0,0.0,1354945.84,debit,State Bank of India,00000040552115380_000837,,False
00000040552115380,RAVI KUMAR,SBIN0965900,17/05/2024,,POS/8182/AIRTEL/HYDERABAD 124332438136,,,124332438136,,999.0,0.0,1353946.84,debit,State Bank of India,00000040552115380_000838,,False
00000040552115380,RAVI KUMAR,SBIN0965900,18/05/2024,,TO CLEARING-CIT ZOMATO 011803 063249237991,,,063249237991,,3499.0,0.0,1350447.84,debit,State Bank of India,00000040552115380_000839,,False
00000040552115380,RAVI KUMAR,SBIN0965900,18/05/2024,,ATM WDL/4771/MUMBAI 792053993313,,,792053993313,,1680.0,0.0,1348767.84,debit,State Bank of India,00000040552115380_000840,,False
00000040552115380,RAVI KUMAR,SBIN0965900,18/05/2024,,BY TRANSFER-INB IMPS679000879804/4444930754/XX7060/Remitly Tr- MAC1352594752,,,679000879804,,0.0,850.0,1349617.84,credit,State Bank of India,00000040552115380_000841,,False
00000040552115380,RAVI KUMAR,SBIN0965900,18/05/2024,,TO TRANSFER-UPI/781498039522/anjalirao928@ybl 781498039522,,,781498039522,,120.0,0.0,1349497.84,debit,State Bank of India,00000040552115380_000842,,False
00000040552115380,RAVI KUMAR,SBIN0965900,19/05/2024,,TO TRANSFER-UPI/758646892087/ayeshakhan236@okhdfcbank 758646892087,,,758646892087,,7800.0,0.0,1341697.84,debit,State Bank of India,00000040552115380_000843,,False
00000040552115380,RAVI KUMAR,SBIN0965900,23/05/2024,,TO TRANSFER-UPI/220492290192/meerapilla500@okhdfcbank 220492290192,,,220492290192,,850.0,0.0,1340847.84,debit,State Bank of India,00000040552115380_000844,,False
00000040552115380,RAVI KUMAR,SBIN0965900,23/05/2024,,TO TRANSFER-UPI/996378318641/rahulsingh738@ybl 996378318641,,,996378318641,,79.0,0.0,1340768.84,debit,State Bank of India,00000040552115380_000845,,False
00000040552115380,RAVI KUMAR,SBIN0965900,25/05/2024,,ATM WDL/0040/BANJARA HILLS 024912333265,,,024912333265,,249.0,0.0,1340519.84,debit,State Bank of India,00000040552115380_000846,,False
00000040552115380,RAVI KUMAR,SBIN0965900,26/05/2024,,TO CLEARING-CIT ZOMATO 614874 505242405746,,,505242405746,,850.0,0.0,1339669.84,debit,State Bank of India,00000040552115380_000847,,False
00000040552115380,RAVI KUMAR,SBIN0965900,26/05/2024,,TO CLEARING-CIT MEDPLUS 837780 332659346040,,,332659346040,,79.0,0.0,1339590.84,debit,State Bank of India,00000040552115380_000848,,False
00000040552115380,RAVI KUMAR,SBIN0965900,28/05/2024,,TO TRANSFER-UPI/456236223279/rahulsingh48@ybl 456236223279,,,456236223279,,449.0,0.0,1339141.84,debit,State Bank of India,00000040552115380_000849,,False
00000040552115380,RAVI KUMAR,SBIN0965900,31/05/2024,,POS/5419/IOCL/MARATHAHALLI 988432695238,,,988432695238,,999.0,0.0,1338142.84,debit,State Bank of India,00000040552115380_000850,,False
00000040552115380,RAVI KUMAR,SBIN0965900,31/05/2024,,TO CLEARING-CIT MEDPLUS 323517 704098235333,,,704098235333,,699.0,0.0,1337443.84,debit,State Bank of India,00000040552115380_000851,,False
00000040552115380,RAVI KUMAR,SBIN0965900,01/06/2024,,BY TRANSFER-3429629406397 SALARY RAVI KUMAR 365583664886,,,3429629406397,,0.0,44250.0,1381693.84,credit,State Bank of India,00000040552115380_000852,,False
00000040552115380,RAVI KUMAR,SBIN0965900,01/06/2024,,BY TRANSFER-INB IMPS529434946273/5768962809/XX9466/Remitly Tr- MAC0692156932,,,529434946273,,0.0,11200.0,1392893.84,credit,State Bank of India,00000040552115380_000853,,False
00000040552115380,RAVI KUMAR,SBIN0965900,02/06/2024,,TO TRANSFER-UPI/489323724627/harishmeno37@oksbi 489323724627,,,489323724627,,2380.0,0.0,1390513.84,debit,State Bank of India,00000040552115380_000854,,False
00000040552115380,RAVI KUMAR,SBIN0965900,03/06/2024,,BY TRANSFER-INB IMPS021114144688/nikhilgupt474@paytm/NIKHI Tr- 021114144688,,,021114144688,,0.0,9540.29,1400054.13,credit,State Bank of India,00000040552115380_000855,,False
00000040552115380,RAVI KUMAR,SBIN0965900,03/06/2024,,BY TRANSFER-INB IMPS029407145187/sanjanaheg350@oksbi/SANJA Tr- 029407145187,,,029407145187,,0.0,9268.09,1409322.22,credit,State Bank of India,00000040552115380_000856,,False
00000040552115380,RAVI KUMAR,SBIN0965900,03/06/2024,,BY TRANSFER-INB IMPS683034287726/pradeepsin937@ybl/PRADE Tr- 683034287726,,,683034287726,,0.0,9743.11,1419065.33,credit,State Bank of India,00000040552115380_000857,,False
00000040552115380,RAVI KUMAR,SBIN0965900,03/06/2024,,ATM WDL/6589/MYSURU 681471042860,,,681471042860,,120.0,0.0,1418945.33,debit,State Bank of India,00000040552115380_000858,,False
00000040552115380,RAVI KUMAR,SBIN0965900,03/06/2024,,TO CLEARING-CIT APOLLO PHARMACY 292028 371446663469,,,371446663469,,310.0,0.0,1418635.33,debit,State Bank of India,00000040552115380_000859,,False
00000040552115380,RAVI KUMAR,SBIN0965900,04/06/2024,,TO TRANSFER-UPI/696629316812/mohandas206@okaxis 696629316812,,,696629316812,,2380.0,0.0,1416255.33,debit,State Bank of India,00000040552115380_000860,,False
00000040552115380,RAVI KUMAR,SBIN0965900,04/06/2024,,BY TRANSFER-INB IMPS453980389466/nikhilgupt948@oksbi/NIKHI Tr- 453980389466,,,453980389466,,0.0,9754.81,1426010.14,credit,State Bank of India,00000040552115380_000861,,False
00000040552115380,RAVI KUMAR,SBIN0965900,04/06/2024,,BY TRANSFER-INB IMPS471751520204/sureshnair316@ybl/SURES Tr- 471751520204,,,471751520204,,0.0,9538.54,1435548.68,credit,State Bank of India,00000040552115380_000862,,False
00000040552115380,RAVI KUMAR,SBIN0965900,04/06/2024,,BY TRANSFER-INB IMPS854298642615/preethiiye297@okaxis/PREET Tr- 854298642615,,,854298642615,,0.0,9736.99,1445285.67,credit,State Bank of India,00000040552115380_000863,,False
00000040552115380,RAVI KUMAR,SBIN0965900,04/06/2024,,POS/6007/ZOMATO/WHITEFIELD 959005611560,,,959005611560,,2380.0,0.0,1442905.67,debit,State Bank of India,00000040552115380_000864,,False
00000040552115380,RAVI KUMAR,SBIN0965900,05/06/2024,,ATM WDL/1424/SECUNDERABAD 144886873235,,,144886873235,,850.0,0.0,1442055.67,debit,State Bank of India,00000040552115380_000865,,False
00000040552115380,RAVI KUMAR,SBIN0965900,05/06/2024,,BY TRANSFER-INB IMPS165784087337/sunilyadav53@paytm/SUNIL Tr- 165784087337,,,165784087337,,0.0,9331.25,1451386.92,credit,State Bank of India,00000040552115380_000866,,False
00000040552115380,RAVI KUMAR,SBIN0965900,05/06/2024,,BY TRANSFER-INB IMPS090842043716/sunilyadav644@okhdfcbank/SUNIL Tr- 090842043716,,,090842043716,,0.0,9325.81,1460712.73,credit,State Bank of India,00000040552115380_000867,,False
00000040552115380,RAVI KUMAR,SBIN0965900,05/06/2024,,BY TRANSFER-INB IMPS797835187600/arjunmehta934@okhdfcbank/ARJUN Tr- 797835187600,,,797835187600,,0.0,9653.97,1470366.7,credit,State Bank of India,00000040552115380_000868,,False
00000040552115380,RAVI KUMAR,SBIN0965900,06/06/2024,,BY TRANSFER-INB IMPS799076716155/rahulsingh907@ybl/RAHUL Tr- 799076716155,,,799076716155,,0.0,9451.91,1479818.61,credit,State Bank of India,00000040552115380_000869,,False
00000040552115380,RAVI KUMAR,SBIN0965900,06/06/2024,,NEFT DR-HDFC0446609-DIVYA MENON-581659933109-RENT 471281910133,,,581659933109,,31000.0,0.0,1448818.61,debit,State Bank of India,00000040552115380_000870,,False
00000040552115380,RAVI KUMAR,SBIN0965900,06/06/2024,,BY TRANSFER-INB IMPS907334970046/lakshmiven258@okhdfcbank/LAKSH Tr- 907334970046,,,907334970046,,0.0,9234.53,1458053.14,credit,State Bank of India,00000040552115380_000871,,False
00000040552115380,RAVI KUMAR,SBIN0965900,06/06/2024,,BY TRANSFER-INB IMPS258045905645/lathamurth341@okaxis/LATHA Tr- 258045905645,,,258045905645,,0.0,9293.3,1467346.44,credit,State Bank of India,00000040552115380_000872,,False
00000040552115380,RAVI KUMAR,SBIN0965900,06/06/2024,,POS/1224/BOOKMYSHOW/MUMBAI 903608252493,,,903608252493,,3499.0,0.0,1463847.44,debit,State Bank of India,00000040552115380_000873,,False
00000040552115380,RAVI KUMAR,SBIN0965900,06/06/2024,,BY TRANSFER-INB IMPS369308773463/6186686249/XX7833/Remitly Tr- MAC4006249330,,,369308773463,,0.0,7500.0,1471347.44,credit,State Bank of India,00000040552115380_000874,,False
00000040552115380,RAVI KUMAR,SBIN0965900,07/06/2024,,BY TRANSFER-INB IMPS076314295833/lakshmiven513@ybl/LAKSH Tr- 076314295833,,,076314295833,,0.0,9231.7,1480579.14,credit,State Bank of India,00000040552115380_000875,,False
00000040552115380,RAVI KUMAR,SBIN0965900,07/06/2024,,BY TRANSFER-INB IMPS202948393601/geetadevi347@ybl/GEETA Tr- 202948393601,,,202948393601,,0.0,9612.43,1490191.57,credit,State Bank of India,00000040552115380_000876,,False
00000040552115380,RAVI KUMAR,SBIN0965900,07/06/2024,,BY TRANSFER-INB IMPS031402158243/sushmarao256@oksbi/SUSHM Tr- 031402158243,,,031402158243,,0.0,9447.14,1499638.71,credit,State Bank of India,00000040552115380_000877,,False
00000040552115380,RAVI KUMAR,SBIN0965900,07/06/2024,,ATM WDL/3670/INDIRANAGAR 247061642942,,,247061642942,,5200.0,0.0,1494438.71,debit,State Bank of India,00000040552115380_000878,,False
00000040552115380,RAVI KUMAR,SBIN0965900,08/06/2024,,NEFT DR-ICIC0775209-SURESH BABU-480172569473-PERSONAL 480172569473,,,480172569473,,115384.86,0.0,1379053.85,debit,State Bank of India,00000040552115380_000879,,False
00000040552115380,RAVI KUMAR,SBIN0965900,08/06/2024,,BY TRANSFER-INB IMPS699150372786/lalithadev616@ybl/LALIT Tr- 699150372786,,,699150372786,,0.0,9719.95,1388773.8,credit,State Bank of India,00000040552115380_000880,,False
00000040552115380,RAVI KUMAR,SBIN0965900,08/06/2024,,BY TRANSFER-INB IMPS135301717924/arjunmehta592@oksbi/ARJUN Tr- 135301717924,,,135301717924,,0.0,9500.44,1398274.24,credit,State Bank of India,00000040552115380_000881,,False
00000040552115380,RAVI KUMAR,SBIN0965900,08/06/2024,,BY TRANSFER-INB IMPS213869504243/rameshgowd164@ybl/RAMES Tr- 213869504243,,,213869504243,,0.0,9402.8,1407677.04,credit,State Bank of India,00000040552115380_000882,,False
00000040552115380,RAVI KUMAR,SBIN0965900,08/06/2024,,TO TRANSFER-UPI/624930433406/santoshiye151@okaxis 624930433406,,,624930433406,,1250.0,0.0,1406427.04,debit,State Bank of India,00000040552115380_000883,,False
00000040552115380,RAVI KUMAR,SBIN0965900,09/06/2024,,BY TRANSFER-INB IMPS404764945474/3962065558/XX9113/Remitly Tr- MAC2682034578,,,404764945474,,0.0,4800.0,1411227.04,credit,State Bank of India,00000040552115380_000884,,False
00000040552115380,RAVI KUMAR,SBIN0965900,09/06/2024,,BY TRANSFER-INB IMPS731193241319/5411440122/XX4271/Remitly Tr- MAC5930507512,,,731193241319,,0.0,7500.0,1418727.04,credit,State Bank of India,00000040552115380_000885,,False
00000040552115380,RAVI KUMAR,SBIN0965900,09/06/2024,,BY TRANSFER-INB IMPS340284722618/mohandas892@ybl/MOHAN Tr- 340284722618,,,340284722618,,0.0,9713.44,1428440.48,credit,State Bank of India,00000040552115380_000886,,False
00000040552115380,RAVI KUMAR,SBIN0965900,09/06/2024,,BY TRANSFER-INB IMPS394337009547/4058645810/XX5862/Remitly Tr- MAC7537608408,,,394337009547,,0.0,1200.0,1429640.48,credit,State Bank of India,00000040552115380_000887,,False
00000040552115380,RAVI KUMAR,SBIN0965900,09/06/2024,,BY TRANSFER-INB IMPS060875113509/reshmakhan934@paytm/RESHM Tr- 060875113509,,,060875113509,,0.0,9353.59,1438994.07,credit,State Bank of India,00000040552115380_000888,,False
00000040552115380,RAVI KUMAR,SBIN0965900,09/06/2024,,BY TRANSFER-INB IMPS143187087466/vinaypatil782@oksbi/VINAY Tr- 143187087466,,,143187087466,,0.0,9540.92,1448534.99,credit,State Bank of India,00000040552115380_000889,,False
00000040552115380,RAVI KUMAR,SBIN0965900,10/06/2024,,BY TRANSFER-INB IMPS388794814311/2109990742/XX6723/Remitly Tr- MAC3805975944,,,388794814311,,0.0,850.0,1449384.99,credit,State Bank of India,00000040552115380_000890,,False
00000040552115380,RAVI KUMAR,SBIN0965900,10/06/2024,,BY TRANSFER-INB IMPS937428909372/5125760187/XX1008/Remitly Tr- MAC2884923542,,,937428909372,,0.0,4800.0,1454184.99,credit,State Bank of India,00000040552115380_000891,,False
00000040552115380,RAVI KUMAR,SBIN0965900,10/06/2024,,BY TRANSFER-INB IMPS022407610410/rameshpill771@ybl/RAMES Tr- 022407610410,,,022407610410,,0.0,9427.7,1463612.69,credit,State Bank of India,00000040552115380_000892,,False
00000040552115380,RAVI KUMAR,SBIN0965900,10/06/2024,,BY TRANSFER-INB IMPS060841588589/reshmakhan952@ybl/RESHM Tr- 060841588589,,,060841588589,,0.0,9495.49,1473108.18,credit,State Bank of India,00000040552115380_000893,,False
00000040552115380,RAVI KUMAR,SBIN0965900,10/06/2024,,ATM WDL/4868/SECUNDERABAD 350561143164,,,350561143164,,120.0,0.0,1472988.18,debit,State Bank of India,00000040552115380_000894,,False
00000040552115380,RAVI KUMAR,SBIN0965900,10/06/2024,,BY TRANSFER-INB IMPS968980850286/rajendrapr588@ybl/RAJEN Tr- 968980850286,,,968980850286,,0.0,9689.6,1482677.78,credit,State Bank of India,00000040552115380_000895,,False
00000040552115380,RAVI KUMAR,SBIN0965900,11/06/2024,,TO TRANSFER-UPI/917479427700/anjalirao981@ybl 917479427700,,,917479427700,,449.0,0.0,1482228.78,debit,State Bank of India,00000040552115380_000896,,False
00000040552115380,RAVI KUMAR,SBIN0965900,11/06/2024,,BY TRANSFER-INB IMPS945129009868/ayeshakhan212@okaxis/AYESH Tr- 945129009868,,,945129009868,,0.0,9341.74,1491570.52,credit,State Bank of India,00000040552115380_000897,,False
00000040552115380,RAVI KUMAR,SBIN0965900,11/06/2024,,BY TRANSFER-INB IMPS153316164023/anandkumar581@ybl/ANAND Tr- 153316164023,,,153316164023,,0.0,9520.95,1501091.47,credit,State Bank of India,00000040552115380_000898,,False
00000040552115380,RAVI KUMAR,SBIN0965900,11/06/2024,,BY TRANSFER-INB IMPS451108696922/rohitsharm843@oksbi/ROHIT Tr- 451108696922,,,451108696922,,0.0,9539.73,1510631.2,credit,State Bank of India,00000040552115380_000899,,False
00000040552115380,RAVI KUMAR,SBIN0965900,12/06/2024,,BY TRANSFER-INB IMPS369155223481/preethiiye830@okaxis/PREET Tr- 369155223481,,,369155223481,,0.0,9309.06,1519940.26,credit,State Bank of India,00000040552115380_000900,,False
00000040552115380,RAVI KUMAR,SBIN0965900,12/06/2024,,BY TRANSFER-INB IMPS957064273334/reshmakhan391@ybl/RESHM Tr- 957064273334,,,957064273334,,0.0,9659.18,1529599.44,credit,State Bank of India,00000040552115380_000901,,False
00000040552115380,RAVI KUMAR,SBIN0965900,12/06/2024,,BY TRANSFER-INB IMPS921994262799/mohandas615@ybl/MOHAN Tr- 921994262799,,,921994262799,,0.0,9534.12,1539133.56,credit,State Bank of India,00000040552115380_000902,,False
00000040552115380,RAVI KUMAR,SBIN0965900,13/06/2024,,BY TRANSFER-INB IMPS726085309133/ravikumar413@paytm/RAVI Tr- 726085309133,,,726085309133,,0.0,9467.67,1548601.23,credit,State Bank of India,00000040552115380_000903,,False
00000040552115380,RAVI KUMAR,SBIN0965900,13/06/2024,,BY TRANSFER-INB IMPS790751362493/arjunmehta584@ybl/ARJUN Tr- 790751362493,,,790751362493,,0.0,9248.53,1557849.76,credit,State Bank of India,00000040552115380_000904,,False
00000040552115380,RAVI KUMAR,SBIN0965900,13/06/2024,,BY TRANSFER-INB IMPS949377515721/sureshnair409@paytm/SURES Tr- 949377515721,,,949377515721,,0.0,9531.21,1567380.97,credit,State Bank of India,00000040552115380_000905,,False
00000040552115380,RAVI KUMAR,SBIN0965900,13/06/2024,,TO TRANSFER-UPI/514667087653/kavyareddy332@okhdfcbank 514667087653,,,514667087653,,850.0,0.0,1566530.97,debit,State Bank of India,00000040552115380_000906,,False
00000040552115380,RAVI KUMAR,SBIN0965900,13/06/2024,,NEFT DR-ICIC0775209-SURESH BABU-924009535363-PERSONAL 924009535363,,,924009535363,,106204.85,0.0,1460326.12,debit,State Bank of India,00000040552115380_000907,,False
00000040552115380,RAVI KUMAR,SBIN0965900,14/06/2024,,TO TRANSFER-UPI/432861063831/rajeshverm809@okhdfcbank 432861063831,,,432861063831,,3499.0,0.0,1456827.12,debit,State Bank of India,00000040552115380_000908,,False
00000040552115380,RAVI KUMAR,SBIN0965900,14/06/2024,,ATM WDL/8827/BTM LAYOUT 820648710717,,,820648710717,,1680.0,0.0,1455147.12,debit,State Bank of India,00000040552115380_000909,,False
00000040552115380,RAVI KUMAR,SBIN0965900,14/06/2024,,BY TRANSFER-INB IMPS090970619287/smithapill773@paytm/SMITH Tr- 090970619287,,,090970619287,,0.0,9793.15,1464940.27,credit,State Bank of India,00000040552115380_000910,,False
00000040552115380,RAVI KUMAR,SBIN0965900,14/06/2024,,BY TRANSFER-INB IMPS523706473061/rohitsharm790@oksbi/ROHIT Tr- 523706473061,,,523706473061,,0.0,9649.87,1474590.14,credit,State Bank of India,00000040552115380_000911,,False
00000040552115380,RAVI KUMAR,SBIN0965900,14/06/2024,,BY TRANSFER-INB IMPS881805447634/mohandas622@okhdfcbank/MOHAN Tr- 881805447634,,,881805447634,,0.0,9313.58,1483903.72,credit,State Bank of India,00000040552115380_000912,,False
00000040552115380,RAVI KUMAR,SBIN0965900,15/06/2024,,BY TRANSFER-INB IMPS743481708052/santoshkum23@okhdfcbank/SANTO Tr- 743481708052,,,743481708052,,0.0,9526.02,1493429.74,credit,State Bank of India,00000040552115380_000913,,False
00000040552115380,RAVI KUMAR,SBIN0965900,15/06/2024,,BY TRANSFER-INB IMPS245920168865/venkatrao908@paytm/VENKA Tr- 245920168865,,,245920168865,,0.0,9389.17,1502818.91,credit,State Bank of India,00000040552115380_000914,,False
00000040552115380,RAVI KUMAR,SBIN0965900,15/06/2024,,BY TRANSFER-INB IMPS502888695072/sunilyadav44@oksbi/SUNIL Tr- 502888695072,,,502888695072,,0.0,9711.82,1512530.73,credit,State Bank of India,00000040552115380_000915,,False
00000040552115380,RAVI KUMAR,SBIN0965900,15/06/2024,,ATM WDL/5399/BANJARA HILLS 669809892578,,,669809892578,,1250.0,0.0,1511280.73,debit,State Bank of India,00000040552115380_000916,,False
00000040552115380,RAVI KUMAR,SBIN0965900,16/06/2024,,BY TRANSFER-INB IMPS316106588037/pradeepsin435@okhdfcbank/PRADE Tr- 316106588037,,,316106588037,,0.0,9783.36,1521064.09,credit,State Bank of India,00000040552115380_000917,,False
00000040552115380,RAVI KUMAR,SBIN0965900,16/06/2024,,BY TRANSFER-INB IMPS301550916990/santoshkum722@ybl/SANTO Tr- 301550916990,,,301550916990,,0.0,9285.87,1530349.96,credit,State Bank of India,00000040552115380_000918,,False
00000040552115380,RAVI KUMAR,SBIN0965900,16/06/2024,,BY TRANSFER-INB IMPS550049777564/santoshkum920@paytm/SANTO Tr- 550049777564,,,550049777564,,0.0,9409.41,1539759.37,credit,State Bank of India,00000040552115380_000919,,False
00000040552115380,RAVI KUMAR,SBIN0965900,16/06/2024,,BY TRANSFER-INB IMPS647209322530/0955357007/XX6584/Remitly Tr- MAC5186532659,,,647209322530,,0.0,18500.0,1558259.37,credit,State Bank of India,00000040552115380_000920,,False
00000040552115380,RAVI KUMAR,SBIN0965900,16/06/2024,,TO CLEARING-CIT AIRTEL 404095 904603788790,,,904603788790,,1680.0,0.0,1556579.37,debit,State Bank of India,00000040552115380_000921,,False
00000040552115380,RAVI KUMAR,SBIN0965900,17/06/2024,,NEFT DR-ICIC0775209-SURESH BABU-564399716064-PERSONAL 564399716064,,,564399716064,,114406.74,0.0,1442172.63,debit,State Bank of India,00000040552115380_000922,,False
00000040552115380,RAVI KUMAR,SBIN0965900,17/06/2024,,ATM WDL/3901/WHITEFIELD 722846445833,,,722846445833,,999.0,0.0,1441173.63,debit,State Bank of India,00000040552115380_000923,,False
00000040552115380,RAVI KUMAR,SBIN0965900,18/06/2024,,POS/6027/IRCTC/BTM LAYOUT 392510201778,,,392510201778,,2380.0,0.0,1438793.63,debit,State Bank of India,00000040552115380_000924,,False
00000040552115380,RAVI KUMAR,SBIN0965900,18/06/2024,,POS/0545/UBER/WHITEFIELD 442443330543,,,442443330543,,449.0,0.0,1438344.63,debit,State Bank of India,00000040552115380_000925,,False
00000040552115380,RAVI KUMAR,SBIN0965900,18/06/2024,,TO TRANSFER-UPI/367229019250/vikramnair196@okaxis 367229019250,,,367229019250,,310.0,0.0,1438034.63,debit,State Bank of India,00000040552115380_000926,,False
00000040552115380,RAVI KUMAR,SBIN0965900,19/06/2024,,TO TRANSFER-UPI/046987522595/harishmeno550@ybl 046987522595,,,046987522595,,120.0,0.0,1437914.63,debit,State Bank of India,00000040552115380_000927,,False
00000040552115380,RAVI KUMAR,SBIN0965900,19/06/2024,,BY TRANSFER-INB IMPS873635145575/9999624082/XX1386/Remitly Tr- MAC2072014515,,,873635145575,,0.0,1200.0,1439114.63,credit,State Bank of India,00000040552115380_000928,,False
00000040552115380,RAVI KUMAR,SBIN0965900,20/06/2024,,BY TRANSFER-INB IMPS691858639307/9176633019/XX0993/Remitly Tr- MAC2691658484,,,691858639307,,0.0,4800.0,1443914.63,credit,State Bank of India,00000040552115380_000929,,False
00000040552115380,RAVI KUMAR,SBIN0965900,20/06/2024,,BY TRANSFER-INB IMPS062528725002/2711860369/XX5076/Remitly Tr- MAC7585909533,,,062528725002,,0.0,2500.0,1446414.63,credit,State Bank of India,00000040552115380_000930,,False
00000040552115380,RAVI KUMAR,SBIN0965900,21/06/2024,,POS/2439/SWIGGY/WHITEFIELD 682511860222,,,682511860222,,310.0,0.0,1446104.63,debit,State Bank of India,00000040552115380_000931,,False
00000040552115380,RAVI KUMAR,SBIN0965900,22/06/2024,,ATM WDL/8330/MUMBAI 328262629889,,,328262629889,,310.0,0.0,1445794.63,debit,State Bank of India,00000040552115380_000932,,False
00000040552115380,RAVI KUMAR,SBIN0965900,23/06/2024,,BY TRANSFER-INB IMPS650831840033/3341603219/XX3301/Remitly Tr- MAC3282627294,,,650831840033,,0.0,11200.0,1456994.63,credit,State Bank of India,00000040552115380_000933,,False
00000040552115380,RAVI KUMAR,SBIN0965900,23/06/2024,,ATM WDL/0765/MARATHAHALLI 172960771603,,,172960771603,,850.0,0.0,1456144.63,debit,State Bank of India,00000040552115380_000934,,False
00000040552115380,RAVI KUMAR,SBIN0965900,24/06/2024,,TO TRANSFER-UPI/057869726540/divyamenon725@okhdfcbank 057869726540,,,057869726540,,1250.0,0.0,1454894.63,debit,State Bank of India,00000040552115380_000935,,False
00000040552115380,RAVI KUMAR,SBIN0965900,24/06/2024,,NEFT-228951898929-SOUTHERN RETAILS-REIMB-115380-HDFC0579629 396643967337,,,228951898929,,0.0,24000.0,1478894.63,credit,State Bank of India,00000040552115380_000936,,False
00000040552115380,RAVI KUMAR,SBIN0965900,24/06/2024,,POS/1130/PVR CINEMAS/MYSURU 184032599321,,,184032599321,,1680.0,0.0,1477214.63,debit,State Bank of India,00000040552115380_000937,,False
00000040552115380,RAVI KUMAR,SBIN0965900,25/06/2024,,CREDIT INTEREST CAPITALISED 259944658346,,,259944658346,,0.0,152.98,1477367.61,credit,State Bank of India,00000040552115380_000938,,False
00000040552115380,RAVI KUMAR,SBIN0965900,25/06/2024,,GST ON BANK CHARGES 274576758695,,,274576758695,,17.7,0.0,1477349.91,debit,State Bank of India,00000040552115380_000939,,False
00000040552115380,RAVI KUMAR,SBIN0965900,26/06/2024,,POS/0459/DMART/MYSURU 637479121879,,,637479121879,,1250.0,0.0,1476099.91,debit,State Bank of India,00000040552115380_000940,,False
00000040552115380,RAVI KUMAR,SBIN0965900,27/06/2024,,TO CLEARING-CIT AIRTEL 603663 671463662622,,,671463662622,,2380.0,0.0,1473719.91,debit,State Bank of India,00000040552115380_000941,,False
00000040552115380,RAVI KUMAR,SBIN0965900,27/06/2024,,TO TRANSFER-UPI/442623734967/sunilshett845@okaxis 442623734967,,,442623734967,,120.0,0.0,1473599.91,debit,State Bank of India,00000040552115380_000942,,False
00000040552115380,RAVI KUMAR,SBIN0965900,29/06/2024,,BY TRANSFER-INB IMPS895192989330/1920339924/XX7432/Remitly Tr- MAC4949573810,,,895192989330,,0.0,24000.0,1497599.91,credit,State Bank of India,00000040552115380_000943,,False
00000040552115380,RAVI KUMAR,SBIN0965900,29/06/2024,,BY TRANSFER-INB IMPS637671627398/4835277699/XX7024/Remitly Tr- MAC9705028142,,,637671627398,,0.0,18500.0,1516099.91,credit,State Bank of India,00000040552115380_000944,,False
00000040552115380,RAVI KUMAR,SBIN0965900,29/06/2024,,POS/7956/IRCTC/BTM LAYOUT 807462292015,,,807462292015,,699.0,0.0,1515400.91,debit,State Bank of India,00000040552115380_000945,,False
00000040552115380,RAVI KUMAR,SBIN0965900,01/07/2024,,BY TRANSFER-INB IMPS685470383826/5450343059/XX1134/Remitly Tr- MAC3885021575,,,685470383826,,0.0,2500.0,1517900.91,credit,State Bank of India,00000040552115380_000946,,False
00000040552115380,RAVI KUMAR,SBIN0965900,01/07/2024,,BY TRANSFER-6111657855704 SALARY RAVI KUMAR 950598002918,,,6111657855704,,0.0,45000.0,1562900.91,credit,State Bank of India,00000040552115380_000947,,False
00000040552115380,RAVI KUMAR,SBIN0965900,01/07/2024,,ATM WDL/7291/JAYANAGAR 706829623971,,,706829623971,,120.0,0.0,1562780.91,debit,State Bank of India,00000040552115380_000948,,False
00000040552115380,RAVI KUMAR,SBIN0965900,03/07/2024,,BY TRANSFER-INB IMPS976576712015/0076962300/XX0720/Remitly Tr- MAC6737772393,,,976576712015,,0.0,7500.0,1570280.91,credit,State Bank of India,00000040552115380_000949,,False
00000040552115380,RAVI KUMAR,SBIN0965900,03/07/2024,,TO TRANSFER-UPI/161451406154/farhankhan262@paytm 161451406154,,,161451406154,,1250.0,0.0,1569030.91,debit,State Bank of India,00000040552115380_000950,,False
00000040552115380,RAVI KUMAR,SBIN0965900,04/07/2024,,ATM WDL/9861/HSR LAYOUT 181281727094,,,181281727094,,249.0,0.0,1568781.91,debit,State Bank of India,00000040552115380_000951,,False
00000040552115380,RAVI KUMAR,SBIN0965900,04/07/2024,,BY TRANSFER-INB IMPS136025790657/3487459376/XX8986/Remitly Tr- MAC7643192886,,,136025790657,,0.0,18500.0,1587281.91,credit,State Bank of India,00000040552115380_000952,,False
00000040552115380,RAVI KUMAR,SBIN0965900,04/07/2024,,ATM WDL/3116/INDIRANAGAR 146388889463,,,146388889463,,999.0,0.0,1586282.91,debit,State Bank of India,00000040552115380_000953,,False
00000040552115380,RAVI KUMAR,SBIN0965900,05/07/2024,,ATM WDL/2983/SECUNDERABAD 063281221450,,,063281221450,,2380.0,0.0,1583902.91,debit,State Bank of India,00000040552115380_000954,,False
00000040552115380,RAVI KUMAR,SBIN0965900,05/07/2024,,TO CLEARING-CIT AIRTEL 199551 203146893400,,,203146893400,,1680.0,0.0,1582222.91,debit,State Bank of India,00000040552115380_000955,,False
00000040552115380,RAVI KUMAR,SBIN0965900,06/07/2024,,NEFT DR-HDFC0712565-SMITHA RAO-534957279652-RENT 466020321560,,,534957279652,,26500.0,0.0,1555722.91,debit,State Bank of India,00000040552115380_000956,,False
00000040552115380,RAVI KUMAR,SBIN0965900,06/07/2024,,ATM WDL/4633/MARATHAHALLI 023395594546,,,023395594546,,1250.0,0.0,1554472.91,debit,State Bank of India,00000040552115380_000957,,False
00000040552115380,RAVI KUMAR,SBIN0965900,07/07/2024,,ATM WDL/6264/SECUNDERABAD 718072649134,,,718072649134,,1680.0,0.0,1552792.91,debit,State Bank of India,00000040552115380_000958,,False
00000040552115380,RAVI KUMAR,SBIN0965900,07/07/2024,,ATM WDL/0844/SECUNDERABAD 088312781657,,,088312781657,,999.0,0.0,1551793.91,debit,State Bank of India,00000040552115380_000959,,False
00000040552115380,RAVI KUMAR,SBIN0965900,08/07/2024,,BY TRANSFER-INB IMPS074599595130/1715729664/XX5643/Remitly Tr- MAC5227234862,,,074599595130,,0.0,11200.0,1562993.91,credit,State Bank of India,00000040552115380_000960,,False
00000040552115380,RAVI KUMAR,SBIN0965900,09/07/2024,,TO TRANSFER-UPI/175189005934/vikramnair479@oksbi 175189005934,,,175189005934,,1250.0,0.0,1561743.91,debit,State Bank of India,00000040552115380_000961,,False
00000040552115380,RAVI KUMAR,SBIN0965900,09/07/2024,,POS/6220/UBER/BANJARA HILLS 420383233792,,,420383233792,,5200.0,0.0,1556543.91,debit,State Bank of India,00000040552115380_000962,,False
00000040552115380,RAVI KUMAR,SBIN0965900,10/07/2024,,BY TRANSFER-INB IMPS031510522401/7013873345/XX1849/Remitly Tr- MAC4086676036,,,031510522401,,0.0,11200.0,1567743.91,credit,State Bank of India,00000040552115380_000963,,False
00000040552115380,RAVI KUMAR,SBIN0965900,10/07/2024,,TO CLEARING-CIT BESCOM 274616 963895084761,,,963895084761,,1250.0,0.0,1566493.91,debit,State Bank of India,00000040552115380_000964,,False
00000040552115380,RAVI KUMAR,SBIN0965900,10/07/2024,,TO TRANSFER-UPI/755414046897/rohitsharm359@ybl 755414046897,,,755414046897,,1250.0,0.0,1565243.91,debit,State Bank of India,00000040552115380_000965,,False
00000040552115380,RAVI KUMAR,SBIN0965900,10/07/2024,,TO CLEARING-CIT FLIPKART 357581 677509779716,,,677509779716,,49.0,0.0,1565194.91,debit,State Bank of India,00000040552115380_000966,,False
00000040552115380,RAVI KUMAR,SBIN0965900,10/07/2024,,TO CLEARING-CIT BPCL 974877 135603918194,,,135603918194,,5200.0,0.0,1559994.91,debit,State Bank of India,00000040552115380_000967,,False
00000040552115380,RAVI KUMAR,SBIN0965900,12/07/2024,,ATM WDL/2987/INDIRANAGAR 790315632522,,,790315632522,,310.0,0.0,1559684.91,debit,State Bank of India,00000040552115380_000968,,False
00000040552115380,RAVI KUMAR,SBIN0965900,12/07/2024,,ATM WDL/1110/MARATHAHALLI 074927755037,,,074927755037,,999.0,0.0,1558685.91,debit,State Bank of India,00000040552115380_000969,,False
00000040552115380,RAVI KUMAR,SBIN0965900,12/07/2024,,ATM WDL/0700/KUKATPALLY 491810349792,,,491810349792,,5200.0,0.0,1553485.91,debit,State Bank of India,00000040552115380_000970,,False
00000040552115380,RAVI KUMAR,SBIN0965900,13/07/2024,,BY TRANSFER-INB IMPS613500037941/5785135083/XX1678/Remitly Tr- MAC0079925475,,,613500037941,,0.0,1200.0,1554685.91,credit,State Bank of India,00000040552115380_000971,,False
00000040552115380,RAVI KUMAR,SBIN0965900,14/07/2024,,TO CLEARING-CIT APOLLO PHARMACY 284940 771247710129,,,771247710129,,449.0,0.0,1554236.91,debit,State Bank of India,00000040552115380_000972,,False
00000040552115380,RAVI KUMAR,SBIN0965900,15/07/2024,,BY TRANSFER-INB IMPS315560985653/8989419126/XX9895/Remitly Tr- MAC0571137607,,,315560985653,,0.0,11200.0,1565436.91,credit,State Bank of India,00000040552115380_000973,,False
00000040552115380,RAVI KUMAR,SBIN0965900,16/07/2024,,BY TRANSFER-INB IMPS397055073959/4089269603/XX9095/Remitly Tr- MAC1575083048,,,397055073959,,0.0,2500.0,1567936.91,credit,State Bank of India,00000040552115380_000974,,False
00000040552115380,RAVI KUMAR,SBIN0965900,17/07/2024,,BY TRANSFER-INB IMPS405997732136/1220393535/XX1857/Remitly Tr- MAC3806866286,,,405997732136,,0.0,1200.0,1569136.91,credit,State Bank of India,00000040552115380_000975,,False
00000040552115380,RAVI KUMAR,SBIN0965900,17/07/2024,,BY TRANSFER-INB IMPS190818580157/6800453553/XX1008/Remitly Tr- MAC9586194568,,,190818580157,,0.0,7500.0,1576636.91,credit,State Bank of India,00000040552115380_000976,,False
00000040552115380,RAVI KUMAR,SBIN0965900,20/07/2024,,TO TRANSFER-UPI/416329944632/priyanair477@okaxis 416329944632,,,416329944632,,49.0,0.0,1576587.91,debit,State Bank of India,00000040552115380_000977,,False
00000040552115380,RAVI KUMAR,SBIN0965900,21/07/2024,,TO CLEARING-CIT AMAZON 569094 311664293014,,,311664293014,,449.0,0.0,1576138.91,debit,State Bank of India,00000040552115380_000978,,False
00000040552115380,RAVI KUMAR,SBIN0965900,21/07/2024,,ATM WDL/7163/KUKATPALLY 769107556802,,,769107556802,,699.0,0.0,1575439.91,debit,State Bank of India,00000040552115380_000979,,False
00000040552115380,RAVI KUMAR,SBIN0965900,21/07/2024,,BY TRANSFER-INB IMPS183335851941/4979501116/XX5720/Remitly Tr- MAC9907702907,,,183335851941,,0.0,850.0,1576289.91,credit,State Bank of India,00000040552115380_000980,,False
00000040552115380,RAVI KUMAR,SBIN0965900,22/07/2024,,ATM WDL/7614/MYSURU 223817286675,,,223817286675,,999.0,0.0,1575290.91,debit,State Bank of India,00000040552115380_000981,,False
00000040552115380,RAVI KUMAR,SBIN0965900,22/07/2024,,TO CLEARING-CIT UBER 089936 111508403559,,,111508403559,,449.0,0.0,1574841.91,debit,State Bank of India,00000040552115380_000982,,False
00000040552115380,RAVI KUMAR,SBIN0965900,23/07/2024,,TO CLEARING-CIT JIO 298371 945959898389,,,945959898389,,449.0,0.0,1574392.91,debit,State Bank of India,00000040552115380_000983,,False
00000040552115380,RAVI KUMAR,SBIN0965900,23/07/2024,,POS/7047/PVR CINEMAS/KUKATPALLY 496260633893,,,496260633893,,1680.0,0.0,1572712.91,debit,State Bank of India,00000040552115380_000984,,False
00000040552115380,RAVI KUMAR,SBIN0965900,24/07/2024,,ATM WDL/3845/KUKATPALLY 474190633832,,,474190633832,,699.0,0.0,1572013.91,debit,State Bank of India,00000040552115380_000985,,False
00000040552115380,RAVI KUMAR,SBIN0965900,25/07/2024,,TO CLEARING-CIT AMAZON 037508 843704692416,,,843704692416,,7800.0,0.0,1564213.91,debit,State Bank of India,00000040552115380_000986,,False
00000040552115380,RAVI KUMAR,SBIN0965900,27/07/2024,,BY TRANSFER-INB IMPS225070230326/7386972258/XX0053/Remitly Tr- MAC6270216189,,,225070230326,,0.0,500.0,1564713.91,credit,State Bank of India,00000040552115380_000987,,False
00000040552115380,RAVI KUMAR,SBIN0965900,27/07/2024,,TO CLEARING-CIT BPCL 015725 140306448584,,,140306448584,,7800.0,0.0,1556913.91,debit,State Bank of India,00000040552115380_000988,,False
00000040552115380,RAVI KUMAR,SBIN0965900,27/07/2024,,TO CLEARING-CIT BOOKMYSHOW 486014 374792731138,,,374792731138,,79.0,0.0,1556834.91,debit,State Bank of India,00000040552115380_000989,,False
00000040552115380,RAVI KUMAR,SBIN0965900,29/07/2024,,TO TRANSFER-UPI/269982865518/rahulsingh891@okhdfcbank 269982865518,,,269982865518,,7800.0,0.0,1549034.91,debit,State Bank of India,00000040552115380_000990,,False
00000040552115380,RAVI KUMAR,SBIN0965900,30/07/2024,,BY TRANSFER-INB IMPS295496710139/9874113124/XX4075/Remitly Tr- MAC5830161062,,,295496710139,,0.0,18500.0,1567534.91,credit,State Bank of India,00000040552115380_000991,,False
00000040552115380,RAVI KUMAR,SBIN0965900,01/08/2024,,BY TRANSFER-0226679828355 SALARY RAVI KUMAR 559580131105,,,0226679828355,,0.0,45000.0,1612534.91,credit,State Bank of India,00000040552115380_000992,,False
00000040552115380,RAVI KUMAR,SBIN0965900,01/08/2024,,BY TRANSFER-INB IMPS044528225907/7969884850/XX0649/Remitly Tr- MAC4918028438,,,044528225907,,0.0,24000.0,1636534.91,credit,State Bank of India,00000040552115380_000993,,False
00000040552115380,RAVI KUMAR,SBIN0965900,02/08/2024,,ATM WDL/8199/HYDERABAD 932100043899,,,932100043899,,1680.0,0.0,1634854.91,debit,State Bank of India,00000040552115380_000994,,False
00000040552115380,RAVI KUMAR,SBIN0965900,03/08/2024,,TO TRANSFER-UPI/033456003236/arjunmehta368@ybl 033456003236,,,033456003236,,120.0,0.0,1634734.91,debit,State Bank of India,00000040552115380_000995,,False
00000040552115380,RAVI KUMAR,SBIN0965900,03/08/2024,,TO CLEARING-CIT ZOMATO 870210 467083768906,,,467083768906,,249.0,0.0,1634485.91,debit,State Bank of India,00000040552115380_000996,,False
00000040552115380,RAVI KUMAR,SBIN0965900,03/08/2024,,POS/9799/FLIPKART/SECUNDERABAD 432691453267,,,432691453267,,1680.0,0.0,1632805.91,debit,State Bank of India,00000040552115380_000997,,False
00000040552115380,RAVI KUMAR,SBIN0965900,04/08/2024,,TO TRANSFER-UPI/919060610031/kavyareddy693@okhdfcbank 919060610031,,,919060610031,,999.0,0.0,1631806.91,debit,State Bank of India,00000040552115380_000998,,False
00000040552115380,RAVI KUMAR,SBIN0965900,04/08/2024,,ATM WDL/2916/PUNE 210839299675,,,210839299675,,850.0,0.0,1630956.91,debit,State Bank of India,00000040552115380_000999,,False
00000040552115380,RAVI KUMAR,SBIN0965900,05/08/2024,,TO CLEARING-CIT IOCL 203365 667811543288,,,667811543288,,79.0,0.0,1630877.91,debit,State Bank of India,00000040552115380_001000,,False
00000040552115380,RAVI KUMAR,SBIN0965900,05/08/2024,,NEFT DR-HDFC0329361-DIVYA MENON-163175727161-RENT 727274024297,,,163175727161,,18000.0,0.0,1612877.91,debit,State Bank of India,00000040552115380_001001,,False
00000040552115380,RAVI KUMAR,SBIN0965900,05/08/2024,,TO TRANSFER-UPI/203784955748/kavyareddy964@okaxis 203784955748,,,203784955748,,999.0,0.0,1611878.91,debit,State Bank of India,00000040552115380_001002,,False
00000040552115380,RAVI KUMAR,SBIN0965900,05/08/2024,,ATM WDL/1858/KUKATPALLY 225717614131,,,225717614131,,310.0,0.0,1611568.91,debit,State Bank of India,00000040552115380_001003,,False
00000040552115380,RAVI KUMAR,SBIN0965900,07/08/2024,,BY TRANSFER-INB IMPS785946725053/5453709927/XX3645/Remitly Tr- MAC6670959731,,,785946725053,,0.0,4800.0,1616368.91,credit,State Bank of India,00000040552115380_001004,,False
00000040552115380,RAVI KUMAR,SBIN0965900,07/08/2024,,TO CLEARING-CIT MEDPLUS 595507 371295968696,,,371295968696,,850.0,0.0,1615518.91,debit,State Bank of India,00000040552115380_001005,,False
00000040552115380,RAVI KUMAR,SBIN0965900,08/08/2024,,TO TRANSFER-UPI/055682830664/tarageorge147@okaxis 055682830664,,,055682830664,,7800.0,0.0,1607718.91,debit,State Bank of India,00000040552115380_001006,,False
00000040552115380,RAVI KUMAR,SBIN0965900,09/08/2024,,POS/5675/IRCTC/BTM LAYOUT 748514003605,,,748514003605,,1680.0,0.0,1606038.91,debit,State Bank of India,00000040552115380_001007,,False
00000040552115380,RAVI KUMAR,SBIN0965900,10/08/2024,,ATM WDL/7773/WHITEFIELD 725965666040,,,725965666040,,79.0,0.0,1605959.91,debit,State Bank of India,00000040552115380_001008,,False
00000040552115380,RAVI KUMAR,SBIN0965900,10/08/2024,,TO CLEARING-CIT AIRTEL 593727 309254814716,,,309254814716,,2380.0,0.0,1603579.91,debit,State Bank of India,00000040552115380_001009,,False
00000040552115380,RAVI KUMAR,SBIN0965900,10/08/2024,,POS/5452/BPCL/HSR LAYOUT 649417754777,,,649417754777,,249.0,0.0,1603330.91,debit,State Bank of India,00000040552115380_001010,,False
00000040552115380,RAVI KUMAR,SBIN0965900,10/08/2024,,ATM WDL/8907/SECUNDERABAD 416124412283,,,416124412283,,699.0,0.0,1602631.91,debit,State Bank of India,00000040552115380_001011,,False
00000040552115380,RAVI KUMAR,SBIN0965900,11/08/2024,,TO TRANSFER-UPI/980627607934/rohitsharm52@paytm 980627607934,,,980627607934,,3499.0,0.0,1599132.91,debit,State Bank of India,00000040552115380_001012,,False
00000040552115380,RAVI KUMAR,SBIN0965900,11/08/2024,,POS/9591/UBER/SECUNDERABAD 219602105756,,,219602105756,,850.0,0.0,1598282.91,debit,State Bank of India,00000040552115380_001013,,False
00000040552115380,RAVI KUMAR,SBIN0965900,11/08/2024,,BY TRANSFER-INB IMPS687042783608/2714742745/XX8804/Remitly Tr- MAC6938511785,,,687042783608,,0.0,500.0,1598782.91,credit,State Bank of India,00000040552115380_001014,,False
00000040552115380,RAVI KUMAR,SBIN0965900,11/08/2024,,BY TRANSFER-INB IMPS892645494957/4734752816/XX2559/Remitly Tr- MAC0984830286,,,892645494957,,0.0,4800.0,1603582.91,credit,State Bank of India,00000040552115380_001015,,False
00000040552115380,RAVI KUMAR,SBIN0965900,12/08/2024,,BY TRANSFER-INB IMPS749093137510/6345224092/XX7057/Remitly Tr- MAC2409321695,,,749093137510,,0.0,500.0,1604082.91,credit,State Bank of India,00000040552115380_001016,,False
00000040552115380,RAVI KUMAR,SBIN0965900,12/08/2024,,BY TRANSFER-INB IMPS683566474375/2257184144/XX8165/Remitly Tr- MAC1130959459,,,683566474375,,0.0,2500.0,1606582.91,credit,State Bank of India,00000040552115380_001017,,False
00000040552115380,RAVI KUMAR,SBIN0965900,14/08/2024,,POS/8385/IOCL/MARATHAHALLI 668414984345,,,668414984345,,120.0,0.0,1606462.91,debit,State Bank of India,00000040552115380_001018,,False
00000040552115380,RAVI KUMAR,SBIN0965900,14/08/2024,,ATM WDL/6528/HSR LAYOUT 191113078876,,,191113078876,,999.0,0.0,1605463.91,debit,State Bank of India,00000040552115380_001019,,False
00000040552115380,RAVI KUMAR,SBIN0965900,14/08/2024,,BY TRANSFER-INB IMPS450893237158/9848949129/XX7991/Remitly Tr- MAC0038293826,,,450893237158,,0.0,1200.0,1606663.91,credit,State Bank of India,00000040552115380_001020,,False
00000040552115380,RAVI KUMAR,SBIN0965900,15/08/2024,,POS/1387/OLA/JAYANAGAR 245707574621,,,245707574621,,5200.0,0.0,1601463.91,debit,State Bank of India,00000040552115380_001021,,False
00000040552115380,RAVI KUMAR,SBIN0965900,16/08/2024,,BY TRANSFER-INB IMPS446121908147/6842079446/XX9014/Remitly Tr- MAC5717108123,,,446121908147,,0.0,24000.0,1625463.91,credit,State Bank of India,00000040552115380_001022,,False
00000040552115380,RAVI KUMAR,SBIN0965900,17/08/2024,,NEFT CR-HDFC0474146-SUSHMA RAO-353143777384-TRANSFER 616113729102,,,353143777384,,0.0,145000.0,1770463.91,credit,State Bank of India,00000040552115380_001023,,False
00000040552115380,RAVI KUMAR,SBIN0965900,17/08/2024,,ATM WDL/6034/BANJARA HILLS 4235674131,,,4235674131,,15000.0,0.0,1755463.91,debit,State Bank of India,00000040552115380_001024,,False
00000040552115380,RAVI KUMAR,SBIN0965900,17/08/2024,,ATM WDL/8624/JUBILEE HILLS 4283397466,,,4283397466,,17500.0,0.0,1737963.91,debit,State Bank of India,00000040552115380_001025,,False
00000040552115380,RAVI KUMAR,SBIN0965900,17/08/2024,,ATM WDL/0621/KUKATPALLY 5951306072,,,5951306072,,17500.0,0.0,1720463.91,debit,State Bank of India,00000040552115380_001026,,False
00000040552115380,RAVI KUMAR,SBIN0965900,17/08/2024,,ATM WDL/0791/SECUNDERABAD 0676336170,,,0676336170,,18000.0,0.0,1702463.91,debit,State Bank of India,00000040552115380_001027,,False
00000040552115380,RAVI KUMAR,SBIN0965900,17/08/2024,,ATM WDL/5030/HITEC CITY 0233577165,,,0233577165,,17500.0,0.0,1684963.91,debit,State Bank of India,00000040552115380_001028,,False
00000040552115380,RAVI KUMAR,SBIN0965900,17/08/2024,,ATM WDL/8243/KONDAPUR 0146349207,,,0146349207,,18000.0,0.0,1666963.91,debit,State Bank of India,00000040552115380_001029,,False
00000040552115380,RAVI KUMAR,SBIN0965900,17/08/2024,,ATM WDL/6728/GACHIBOWLI 6858136523,,,6858136523,,18000.0,0.0,1648963.91,debit,State Bank of India,00000040552115380_001030,,False
00000040552115380,RAVI KUMAR,SBIN0965900,18/08/2024,,ATM WDL/3025/KUKATPALLY 169897064624,,,169897064624,,120.0,0.0,1648843.91,debit,State Bank of India,00000040552115380_001031,,False
00000040552115380,RAVI KUMAR,SBIN0965900,18/08/2024,,BY TRANSFER-INB IMPS414662098291/9222516798/XX0463/Remitly Tr- MAC6558500291,,,414662098291,,0.0,850.0,1649693.91,credit,State Bank of India,00000040552115380_001032,,False
00000040552115380,RAVI KUMAR,SBIN0965900,19/08/2024,,ATM WDL/9754/BTM LAYOUT 911076005107,,,911076005107,,120.0,0.0,1649573.91,debit,State Bank of India,00000040552115380_001033,,False
00000040552115380,RAVI KUMAR,SBIN0965900,19/08/2024,,TO TRANSFER-UPI/936856101576/poojasharm484@okaxis 936856101576,,,936856101576,,120.0,0.0,1649453.91,debit,State Bank of India,00000040552115380_001034,,False
00000040552115380,RAVI KUMAR,SBIN0965900,20/08/2024,,TO TRANSFER-UPI/195748579436/rohitsharm545@okhdfcbank 195748579436,,,195748579436,,310.0,0.0,1649143.91,debit,State Bank of India,00000040552115380_001035,,False
00000040552115380,RAVI KUMAR,SBIN0965900,20/08/2024,,ATM WDL/0786/KORAMANGALA 659846436328,,,659846436328,,699.0,0.0,1648444.91,debit,State Bank of India,00000040552115380_001036,,False
00000040552115380,RAVI KUMAR,SBIN0965900,20/08/2024,,BY TRANSFER-INB IMPS161896929576/8903388454/XX1295/Remitly Tr- MAC2554492655,,,161896929576,,0.0,850.0,1649294.91,credit,State Bank of India,00000040552115380_001037,,False
00000040552115380,RAVI KUMAR,SBIN0965900,20/08/2024,,TO TRANSFER-UPI/882652118348/poojasharm240@okaxis 882652118348,,,882652118348,,2380.0,0.0,1646914.91,debit,State Bank of India,00000040552115380_001038,,False
00000040552115380,RAVI KUMAR,SBIN0965900,21/08/2024,,POS/1764/IOCL/MANGALURU 836750773581,,,836750773581,,2380.0,0.0,1644534.91,debit,State Bank of India,00000040552115380_001039,,False
00000040552115380,RAVI KUMAR,SBIN0965900,21/08/2024,,ATM WDL/5761/BANJARA HILLS 569670733787,,,569670733787,,310.0,0.0,1644224.91,debit,State Bank of India,00000040552115380_001040,,False
00000040552115380,RAVI KUMAR,SBIN0965900,23/08/2024,,ATM WDL/8236/MANGALURU 306406290274,,,306406290274,,1680.0,0.0,1642544.91,debit,State Bank of India,00000040552115380_001041,,False
00000040552115380,RAVI KUMAR,SBIN0965900,24/08/2024,,POS/5563/UBER/HSR LAYOUT 615889760490,,,615889760490,,999.0,0.0,1641545.91,debit,State Bank of India,00000040552115380_001042,,False
00000040552115380,RAVI KUMAR,SBIN0965900,24/08/2024,,ATM WDL/4003/MARATHAHALLI 225396192183,,,225396192183,,1250.0,0.0,1640295.91,debit,State Bank of India,00000040552115380_001043,,False
00000040552115380,RAVI KUMAR,SBIN0965900,25/08/2024,,TO TRANSFER-UPI/891576570717/rajeshverm920@ybl 891576570717,,,891576570717,,999.0,0.0,1639296.91,debit,State Bank of India,00000040552115380_001044,,False
00000040552115380,RAVI KUMAR,SBIN0965900,25/08/2024,,TO CLEARING-CIT BOOKMYSHOW 743131 183727867195,,,183727867195,,2380.0,0.0,1636916.91,debit,State Bank of India,00000040552115380_001045,,False
00000040552115380,RAVI KUMAR,SBIN0965900,26/08/2024,,TO TRANSFER-UPI/703974108678/kavyareddy217@ybl 703974108678,,,703974108678,,2380.0,0.0,1634536.91,debit,State Bank of India,00000040552115380_001046,,False
00000040552115380,RAVI KUMAR,SBIN0965900,26/08/2024,,TO CLEARING-CIT FLIPKART 808500 482056848229,,,482056848229,,449.0,0.0,1634087.91,debit,State Bank of India,00000040552115380_001047,,False
00000040552115380,RAVI KUMAR,SBIN0965900,26/08/2024,,TO CLEARING-CIT APOLLO PHARMACY 359018 012595845304,,,012595845304,,120.0,0.0,1633967.91,debit,State Bank of India,00000040552115380_001048,,False
00000040552115380,RAVI KUMAR,SBIN0965900,26/08/2024,,TO TRANSFER-UPI/159794418355/vinaypatil313@ybl 159794418355,,,159794418355,,49.0,0.0,1633918.91,debit,State Bank of India,00000040552115380_001049,,False
00000040552115380,RAVI KUMAR,SBIN0965900,27/08/2024,,BY TRANSFER-INB IMPS873823652958/0432036433/XX3197/Remitly Tr- MAC8310640205,,,873823652958,,0.0,4800.0,1638718.91,credit,State Bank of India,00000040552115380_001050,,False
00000040552115380,RAVI KUMAR,SBIN0965900,28/08/2024,,POS/0526/SWIGGY/KUKATPALLY 691641051985,,,691641051985,,850.0,0.0,1637868.91,debit,State Bank of India,00000040552115380_001051,,False
00000040552115380,RAVI KUMAR,SBIN0965900,28/08/2024,,BY TRANSFER-INB IMPS989338386110/1230596730/XX0960/Remitly Tr- MAC9414348828,,,989338386110,,0.0,24000.0,1661868.91,credit,State Bank of India,00000040552115380_001052,,False
00000040552115380,RAVI KUMAR,SBIN0965900,28/08/2024,,BY TRANSFER-INB IMPS338316989031/7351440600/XX6243/Remitly Tr- MAC0178006819,,,338316989031,,0.0,7500.0,1669368.91,credit,State Bank of India,00000040552115380_001053,,False
00000040552115380,RAVI KUMAR,SBIN0965900,30/08/2024,,BY TRANSFER-INB IMPS649400371855/5457579431/XX4233/Remitly Tr- MAC8632101033,,,649400371855,,0.0,500.0,1669868.91,credit,State Bank of India,00000040552115380_001054,,False
00000040552115380,RAVI KUMAR,SBIN0965900,30/08/2024,,BY TRANSFER-INB IMPS959573323830/7175251581/XX6152/Remitly Tr- MAC3566624962,,,959573323830,,0.0,500.0,1670368.91,credit,State Bank of India,00000040552115380_001055,,False
00000040552115380,RAVI KUMAR,SBIN0965900,31/08/2024,,TO CLEARING-CIT FLIPKART 936600 065791892698,,,065791892698,,2380.0,0.0,1667988.91,debit,State Bank of India,00000040552115380_001056,,False
00000040552115380,RAVI KUMAR,SBIN0965900,31/08/2024,,NEFT-960708924547-SOUTHERN RETAILS-REIMB-115380-HDFC0714073 176626254157,,,960708924547,,0.0,18500.0,1686488.91,credit,State Bank of India,00000040552115380_001057,,False
00000040552115380,RAVI KUMAR,SBIN0965900,01/09/2024,,BY TRANSFER-7561875292635 SALARY RAVI KUMAR 501300952164,,,7561875292635,,0.0,45500.0,1731988.91,credit,State Bank of India,00000040552115380_001058,,False
00000040552115380,RAVI KUMAR,SBIN0965900,01/09/2024,,TO CLEARING-CIT SWIGGY 923222 340619837774,,,340619837774,,2380.0,0.0,1729608.91,debit,State Bank of India,00000040552115380_001059,,False
00000040552115380,RAVI KUMAR,SBIN0965900,02/09/2024,,BY TRANSFER-INB IMPS720195241411/1260944766/XX4866/Remitly Tr- MAC2089202022,,,720195241411,,0.0,1200.0,1730808.91,credit,State Bank of India,00000040552115380_001060,,False
00000040552115380,RAVI KUMAR,SBIN0965900,02/09/2024,,BY TRANSFER-INB IMPS748285996771/6888465777/XX3694/Remitly Tr- MAC8315660317,,,748285996771,,0.0,1200.0,1732008.91,credit,State Bank of India,00000040552115380_001061,,False
00000040552115380,RAVI KUMAR,SBIN0965900,02/09/2024,,ATM WDL/9047/HSR LAYOUT 760648575180,,,760648575180,,5200.0,0.0,1726808.91,debit,State Bank of India,00000040552115380_001062,,False
00000040552115380,RAVI KUMAR,SBIN0965900,02/09/2024,,TO CLEARING-CIT BOOKMYSHOW 432753 460736120721,,,460736120721,,120.0,0.0,1726688.91,debit,State Bank of India,00000040552115380_001063,,False
00000040552115380,RAVI KUMAR,SBIN0965900,03/09/2024,,BY TRANSFER-INB IMPS154218134133/3538518330/XX0871/Remitly Tr- MAC3309280298,,,154218134133,,0.0,11200.0,1737888.91,credit,State Bank of India,00000040552115380_001064,,False
00000040552115380,RAVI KUMAR,SBIN0965900,04/09/2024,,ATM WDL/0338/WHITEFIELD 995624919482,,,995624919482,,699.0,0.0,1737189.91,debit,State Bank of India,00000040552115380_001065,,False
00000040552115380,RAVI KUMAR,SBIN0965900,05/09/2024,,NEFT DR-HDFC0219188-HARISH MENON-539691513021-RENT 690074804557,,,539691513021,,31000.0,0.0,1706189.91,debit,State Bank of India,00000040552115380_001066,,False
00000040552115380,RAVI KUMAR,SBIN0965900,05/09/2024,,TO TRANSFER-UPI/869728430265/kiranreddy541@okhdfcbank 869728430265,,,869728430265,,79.0,0.0,1706110.91,debit,State Bank of India,00000040552115380_001067,,False
00000040552115380,RAVI KUMAR,SBIN0965900,06/09/2024,,ATM WDL/9899/MANGALURU 110416865888,,,110416865888,,2380.0,0.0,1703730.91,debit,State Bank of India,00000040552115380_001068,,False
00000040552115380,RAVI KUMAR,SBIN0965900,07/09/2024,,POS/5109/IRCTC/WHITEFIELD 581372807010,,,581372807010,,2380.0,0.0,1701350.91,debit,State Bank of India,00000040552115380_001069,,False
00000040552115380,RAVI KUMAR,SBIN0965900,09/09/2024,,POS/2266/PVR CINEMAS/INDIRANAGAR 459805745930,,,459805745930,,5200.0,0.0,1696150.91,debit,State Bank of India,00000040552115380_001070,,False
00000040552115380,RAVI KUMAR,SBIN0965900,10/09/2024,,TO CLEARING-CIT PVR CINEMAS 137903 058850778345,,,058850778345,,249.0,0.0,1695901.91,debit,State Bank of India,00000040552115380_001071,,False
00000040552115380,RAVI KUMAR,SBIN0965900,10/09/2024,,TO CLEARING-CIT BESCOM 306896 908781198007,,,908781198007,,999.0,0.0,1694902.91,debit,State Bank of India,00000040552115380_001072,,False
00000040552115380,RAVI KUMAR,SBIN0965900,11/09/2024,,TO TRANSFER-UPI/916575231332/farhankhan703@okhdfcbank 916575231332,,,916575231332,,699.0,0.0,1694203.91,debit,State Bank of India,00000040552115380_001073,,False
00000040552115380,RAVI KUMAR,SBIN0965900,12/09/2024,,TO TRANSFER-UPI/210972172927/priyanair79@okhdfcbank 210972172927,,,210972172927,,79.0,0.0,1694124.91,debit,State Bank of India,00000040552115380_001074,,False
00000040552115380,RAVI KUMAR,SBIN0965900,13/09/2024,,TO TRANSFER-UPI/700332987215/farhankhan977@oksbi 700332987215,,,700332987215,,850.0,0.0,1693274.91,debit,State Bank of India,00000040552115380_001075,,False
00000040552115380,RAVI KUMAR,SBIN0965900,13/09/2024,,TO TRANSFER-UPI/842248253447/farhankhan330@okhdfcbank 842248253447,,,842248253447,,2380.0,0.0,1690894.91,debit,State Bank of India,00000040552115380_001076,,False
00000040552115380,RAVI KUMAR,SBIN0965900,15/09/2024,,BY TRANSFER-INB IMPS045228608277/4509388704/XX2752/Remitly Tr- MAC4397504679,,,045228608277,,0.0,850.0,1691744.91,credit,State Bank of India,00000040552115380_001077,,False
00000040552115380,RAVI KUMAR,SBIN0965900,16/09/2024,,TO CLEARING-CIT PVR CINEMAS 008619 300926971887,,,300926971887,,699.0,0.0,1691045.91,debit,State Bank of India,00000040552115380_001078,,False
00000040552115380,RAVI KUMAR,SBIN0965900,17/09/2024,,TO CLEARING-CIT IOCL 143203 835227332480,,,835227332480,,1680.0,0.0,1689365.91,debit,State Bank of India,00000040552115380_001079,,False
00000040552115380,RAVI KUMAR,SBIN0965900,18/09/2024,,TO TRANSFER-UPI/869732770016/kavyareddy65@oksbi 869732770016,,,869732770016,,49.0,0.0,1689316.91,debit,State Bank of India,00000040552115380_001080,,False
00000040552115380,RAVI KUMAR,SBIN0965900,18/09/2024,,ATM WDL/3892/HSR LAYOUT 857949199471,,,857949199471,,3499.0,0.0,1685817.91,debit,State Bank of India,00000040552115380_001081,,False
00000040552115380,RAVI KUMAR,SBIN0965900,18/09/2024,,TO CLEARING-CIT FLIPKART 490171 213472837337,,,213472837337,,7800.0,0.0,1678017.91,debit,State Bank of India,00000040552115380_001082,,False
00000040552115380,RAVI KUMAR,SBIN0965900,19/09/2024,,TO CLEARING-CIT MEDPLUS 007955 989445607419,,,989445607419,,850.0,0.0,1677167.91,debit,State Bank of India,00000040552115380_001083,,False
00000040552115380,RAVI KUMAR,SBIN0965900,19/09/2024,,ATM WDL/7252/BANJARA HILLS 358430181625,,,358430181625,,79.0,0.0,1677088.91,debit,State Bank of India,00000040552115380_001084,,False
00000040552115380,RAVI KUMAR,SBIN0965900,21/09/2024,,BY TRANSFER-INB IMPS016829610976/7848300095/XX4078/Remitly Tr- MAC1305638982,,,016829610976,,0.0,7500.0,1684588.91,credit,State Bank of India,00000040552115380_001085,,False
00000040552115380,RAVI KUMAR,SBIN0965900,22/09/2024,,BY TRANSFER-INB IMPS812867323974/3460152873/XX6832/Remitly Tr- MAC7753976392,,,812867323974,,0.0,500.0,1685088.91,credit,State Bank of India,00000040552115380_001086,,False
00000040552115380,RAVI KUMAR,SBIN0965900,22/09/2024,,TO TRANSFER-UPI/576497245854/tarageorge926@okhdfcbank 576497245854,,,576497245854,,5200.0,0.0,1679888.91,debit,State Bank of India,00000040552115380_001087,,False
00000040552115380,RAVI KUMAR,SBIN0965900,22/09/2024,,BY TRANSFER-INB IMPS276280884611/2756991424/XX4953/Remitly Tr- MAC9445625974,,,276280884611,,0.0,850.0,1680738.91,credit,State Bank of India,00000040552115380_001088,,False
00000040552115380,RAVI KUMAR,SBIN0965900,25/09/2024,,POS/5582/ZOMATO/HSR LAYOUT 296877253761,,,296877253761,,3499.0,0.0,1677239.91,debit,State Bank of India,00000040552115380_001089,,False
00000040552115380,RAVI KUMAR,SBIN0965900,25/09/2024,,CREDIT INTEREST CAPITALISED 709492423933,,,709492423933,,0.0,168.07,1677407.98,credit,State Bank of India,00000040552115380_001090,,False
00000040552115380,RAVI KUMAR,SBIN0965900,25/09/2024,,GST ON BANK CHARGES 014733028937,,,014733028937,,17.7,0.0,1677390.28,debit,State Bank of India,00000040552115380_001091,,False
00000040552115380,RAVI KUMAR,SBIN0965900,25/09/2024,,POS/5835/FLIPKART/SECUNDERABAD 607542804481,,,607542804481,,120.0,0.0,1677270.28,debit,State Bank of India,00000040552115380_001092,,False
00000040552115380,RAVI KUMAR,SBIN0965900,26/09/2024,,BY TRANSFER-INB IMPS558658088631/9555623678/XX6608/Remitly Tr- MAC5008977264,,,558658088631,,0.0,11200.0,1688470.28,credit,State Bank of India,00000040552115380_001093,,False
00000040552115380,RAVI KUMAR,SBIN0965900,26/09/2024,,ATM WDL/3497/KUKATPALLY 684854833082,,,684854833082,,1250.0,0.0,1687220.28,debit,State Bank of India,00000040552115380_001094,,False
00000040552115380,RAVI KUMAR,SBIN0965900,27/09/2024,,POS/2538/DMART/INDIRANAGAR 458139879152,,,458139879152,,49.0,0.0,1687171.28,debit,State Bank of India,00000040552115380_001095,,False
00000040552115380,RAVI KUMAR,SBIN0965900,27/09/2024,,ATM WDL/8835/MUMBAI 883383258960,,,883383258960,,1250.0,0.0,1685921.28,debit,State Bank of India,00000040552115380_001096,,False
00000040552115380,RAVI KUMAR,SBIN0965900,28/09/2024,,TO CLEARING-CIT MEDPLUS 830794 678418288575,,,678418288575,,1250.0,0.0,1684671.28,debit,State Bank of India,00000040552115380_001097,,False
00000040552115380,RAVI KUMAR,SBIN0965900,28/09/2024,,POS/7361/MEDPLUS/KUKATPALLY 971196352342,,,971196352342,,120.0,0.0,1684551.28,debit,State Bank of India,00000040552115380_001098,,False
00000040552115380,RAVI KUMAR,SBIN0965900,01/10/2024,,ATM WDL/7621/MYSURU 055684558477,,,055684558477,,1250.0,0.0,1683301.28,debit,State Bank of India,00000040552115380_001099,,False
00000040552115380,RAVI KUMAR,SBIN0965900,01/10/2024,,ATM WDL/7267/SECUNDERABAD 043766667433,,,043766667433,,79.0,0.0,1683222.28,debit,State Bank of India,00000040552115380_001100,,False
00000040552115380,RAVI KUMAR,SBIN0965900,01/10/2024,,POS/5539/MEDPLUS/MUMBAI 463201189844,,,463201189844,,310.0,0.0,1682912.28,debit,State Bank of India,00000040552115380_001101,,False
00000040552115380,RAVI KUMAR,SBIN0965900,01/10/2024,,ATM WDL/9336/INDIRANAGAR 408458674865,,,408458674865,,310.0,0.0,1682602.28,debit,State Bank of India,00000040552115380_001102,,False
00000040552115380,RAVI KUMAR,SBIN0965900,01/10/2024,,TO TRANSFER-UPI/764272448492/kiranreddy622@ybl 764272448492,,,764272448492,,1680.0,0.0,1680922.28,debit,State Bank of India,00000040552115380_001103,,False
00000040552115380,RAVI KUMAR,SBIN0965900,02/10/2024,,BY TRANSFER-INB IMPS920828586167/2254419260/XX1265/Remitly Tr- MAC6290027361,,,920828586167,,0.0,850.0,1681772.28,credit,State Bank of India,00000040552115380_001104,,False
00000040552115380,RAVI KUMAR,SBIN0965900,02/10/2024,,ATM WDL/0982/KORAMANGALA 502879999061,,,502879999061,,5200.0,0.0,1676572.28,debit,State Bank of India,00000040552115380_001105,,False
00000040552115380,RAVI KUMAR,SBIN0965900,03/10/2024,,BY TRANSFER-1371109483840 SALARY RAVI KUMAR 898436612372,,,1371109483840,,0.0,45500.0,1722072.28,credit,State Bank of India,00000040552115380_001106,,False
00000040552115380,RAVI KUMAR,SBIN0965900,04/10/2024,,ATM WDL/6795/MUMBAI 608874740563,,,608874740563,,79.0,0.0,1721993.28,debit,State Bank of India,00000040552115380_001107,,False
00000040552115380,RAVI KUMAR,SBIN0965900,04/10/2024,,POS/8577/OLA/PUNE 748984590916,,,748984590916,,1680.0,0.0,1720313.28,debit,State Bank of India,00000040552115380_001108,,False
00000040552115380,RAVI KUMAR,SBIN0965900,04/10/2024,,POS/5937/BPCL/PUNE 739630924954,,,739630924954,,79.0,0.0,1720234.28,debit,State Bank of India,00000040552115380_001109,,False
00000040552115380,RAVI KUMAR,SBIN0965900,05/10/2024,,TO TRANSFER-UPI/582862841887/ayeshakhan673@paytm 582862841887,,,582862841887,,999.0,0.0,1719235.28,debit,State Bank of India,00000040552115380_001110,,False
00000040552115380,RAVI KUMAR,SBIN0965900,05/10/2024,,TO TRANSFER-UPI/390033305668/naveenkuma359@paytm 390033305668,,,390033305668,,449.0,0.0,1718786.28,debit,State Bank of India,00000040552115380_001111,,False
00000040552115380,RAVI KUMAR,SBIN0965900,06/10/2024,,NEFT DR-HDFC0971389-SMITHA RAO-393166750998-RENT 240305275936,,,393166750998,,18000.0,0.0,1700786.28,debit,State Bank of India,00000040552115380_001112,,False
00000040552115380,RAVI KUMAR,SBIN0965900,07/10/2024,,POS/6431/HPCL/BANJARA HILLS 993405187381,,,993405187381,,249.0,0.0,1700537.28,debit,State Bank of India,00000040552115380_001113,,False
00000040552115380,RAVI KUMAR,SBIN0965900,08/10/2024,,BY TRANSFER-INB IMPS742674938275/6752649880/XX2349/Remitly Tr- MAC7473012205,,,742674938275,,0.0,24000.0,1724537.28,credit,State Bank of India,00000040552115380_001114,,False
00000040552115380,RAVI KUMAR,SBIN0965900,08/10/2024,,TO TRANSFER-UPI/183953794755/harishmeno853@oksbi 183953794755,,,183953794755,,120.0,0.0,1724417.28,debit,State Bank of India,00000040552115380_001115,,False
00000040552115380,RAVI KUMAR,SBIN0965900,09/10/2024,,POS/3161/HPCL/JAYANAGAR 320626101793,,,320626101793,,699.0,0.0,1723718.28,debit,State Bank of India,00000040552115380_001116,,False
00000040552115380,RAVI KUMAR,SBIN0965900,10/10/2024,,BY TRANSFER-INB IMPS831722209417/9457001833/XX6301/Remitly Tr- MAC6222318251,,,831722209417,,0.0,18500.0,1742218.28,credit,State Bank of India,00000040552115380_001117,,False
00000040552115380,RAVI KUMAR,SBIN0965900,13/10/2024,,ATM WDL/4317/JAYANAGAR 732764927123,,,732764927123,,699.0,0.0,1741519.28,debit,State Bank of India,00000040552115380_001118,,False
00000040552115380,RAVI KUMAR,SBIN0965900,13/10/2024,,BY TRANSFER-INB IMPS723728069038/0547890889/XX3347/Remitly Tr- MAC1060483651,,,723728069038,,0.0,24000.0,1765519.28,credit,State Bank of India,00000040552115380_001119,,False
00000040552115380,RAVI KUMAR,SBIN0965900,13/10/2024,,TO CLEARING-CIT HPCL 462562 629809255584,,,629809255584,,449.0,0.0,1765070.28,debit,State Bank of India,00000040552115380_001120,,False
00000040552115380,RAVI KUMAR,SBIN0965900,14/10/2024,,POS/6649/SWIGGY/SECUNDERABAD 248148550390,,,248148550390,,999.0,0.0,1764071.28,debit,State Bank of India,00000040552115380_001121,,False
00000040552115380,RAVI KUMAR,SBIN0965900,14/10/2024,,ATM WDL/7471/HYDERABAD 655679324956,,,655679324956,,1680.0,0.0,1762391.28,debit,State Bank of India,00000040552115380_001122,,False
00000040552115380,RAVI KUMAR,SBIN0965900,15/10/2024,,ATM WDL/5589/SECUNDERABAD 143726479265,,,143726479265,,999.0,0.0,1761392.28,debit,State Bank of India,00000040552115380_001123,,False
00000040552115380,RAVI KUMAR,SBIN0965900,16/10/2024,,POS/2360/BESCOM/KUKATPALLY 898263480836,,,898263480836,,5200.0,0.0,1756192.28,debit,State Bank of India,00000040552115380_001124,,False
00000040552115380,RAVI KUMAR,SBIN0965900,16/10/2024,,BY TRANSFER-INB IMPS596955119916/7109618128/XX9507/Remitly Tr- MAC8330948513,,,596955119916,,0.0,500.0,1756692.28,credit,State Bank of India,00000040552115380_001125,,False
00000040552115380,RAVI KUMAR,SBIN0965900,16/10/2024,,POS/6852/JIO/MYSURU 530405969649,,,530405969649,,449.0,0.0,1756243.28,debit,State Bank of India,00000040552115380_001126,,False
00000040552115380,RAVI KUMAR,SBIN0965900,16/10/2024,,TO TRANSFER-UPI/323612151360/priyanair593@okhdfcbank 323612151360,,,323612151360,,3499.0,0.0,1752744.28,debit,State Bank of India,00000040552115380_001127,,False
00000040552115380,RAVI KUMAR,SBIN0965900,16/10/2024,,ATM WDL/2552/MANGALURU 647262389501,,,647262389501,,699.0,0.0,1752045.28,debit,State Bank of India,00000040552115380_001128,,False
00000040552115380,RAVI KUMAR,SBIN0965900,17/10/2024,,TO TRANSFER-UPI/810690456271/sunilshett525@paytm 810690456271,,,810690456271,,310.0,0.0,1751735.28,debit,State Bank of India,00000040552115380_001129,,False
00000040552115380,RAVI KUMAR,SBIN0965900,17/10/2024,,ATM WDL/5867/HSR LAYOUT 299439515826,,,299439515826,,699.0,0.0,1751036.28,debit,State Bank of India,00000040552115380_001130,,False
00000040552115380,RAVI KUMAR,SBIN0965900,17/10/2024,,BY TRANSFER-INB IMPS324389776628/4331403232/XX1678/Remitly Tr- MAC1782667436,,,324389776628,,0.0,7500.0,1758536.28,credit,State Bank of India,00000040552115380_001131,,False
00000040552115380,RAVI KUMAR,SBIN0965900,17/10/2024,,ATM WDL/1051/MYSURU 924515914126,,,924515914126,,699.0,0.0,1757837.28,debit,State Bank of India,00000040552115380_001132,,False
00000040552115380,RAVI KUMAR,SBIN0965900,18/10/2024,,POS/6630/FLIPKART/MARATHAHALLI 568606486904,,,568606486904,,999.0,0.0,1756838.28,debit,State Bank of India,00000040552115380_001133,,False
00000040552115380,RAVI KUMAR,SBIN0965900,18/10/2024,,POS/7249/OLA/MANGALURU 148918042971,,,148918042971,,249.0,0.0,1756589.28,debit,State Bank of India,00000040552115380_001134,,False
00000040552115380,RAVI KUMAR,SBIN0965900,19/10/2024,,BY TRANSFER-INB IMPS800027101978/6572634101/XX8396/Remitly Tr- MAC7917736697,,,800027101978,,0.0,18500.0,1775089.28,credit,State Bank of India,00000040552115380_001135,,False
00000040552115380,RAVI KUMAR,SBIN0965900,19/10/2024,,TO TRANSFER-UPI/800462455800/vikramnair770@okaxis 800462455800,,,800462455800,,449.0,0.0,1774640.28,debit,State Bank of India,00000040552115380_001136,,False
00000040552115380,RAVI KUMAR,SBIN0965900,19/10/2024,,BY TRANSFER-INB IMPS513345894210/1084490993/XX8245/Remitly Tr- MAC8525488716,,,513345894210,,0.0,2500.0,1777140.28,credit,State Bank of India,00000040552115380_001137,,False
00000040552115380,RAVI KUMAR,SBIN0965900,19/10/2024,,BY TRANSFER-INB IMPS111219636580/1140609251/XX7809/Remitly Tr- MAC1959797778,,,111219636580,,0.0,850.0,1777990.28,credit,State Bank of India,00000040552115380_001138,,False
00000040552115380,RAVI KUMAR,SBIN0965900,20/10/2024,,TO TRANSFER-UPI/112717621723/gopalnaik967@okhdfcbank 112717621723,,,112717621723,,120.0,0.0,1777870.28,debit,State Bank of India,00000040552115380_001139,,False
00000040552115380,RAVI KUMAR,SBIN0965900,20/10/2024,,ATM WDL/0034/HSR LAYOUT 808724631402,,,808724631402,,5200.0,0.0,1772670.28,debit,State Bank of India,00000040552115380_001140,,False
00000040552115380,RAVI KUMAR,SBIN0965900,21/10/2024,,TO CLEARING-CIT BOOKMYSHOW 340084 436776368779,,,436776368779,,999.0,0.0,1771671.28,debit,State Bank of India,00000040552115380_001141,,False
00000040552115380,RAVI KUMAR,SBIN0965900,21/10/2024,,POS/9292/AIRTEL/BANJARA HILLS 780317385314,,,780317385314,,5200.0,0.0,1766471.28,debit,State Bank of India,00000040552115380_001142,,False
00000040552115380,RAVI KUMAR,SBIN0965900,22/10/2024,,BY TRANSFER-INB IMPS275567433307/6795063018/XX0211/Remitly Tr- MAC8898263589,,,275567433307,,0.0,11200.0,1777671.28,credit,State Bank of India,00000040552115380_001143,,False
00000040552115380,RAVI KUMAR,SBIN0965900,22/10/2024,,ATM WDL/6816/PUNE 353773469912,,,353773469912,,3499.0,0.0,1774172.28,debit,State Bank of India,00000040552115380_001144,,False
00000040552115380,RAVI KUMAR,SBIN0965900,22/10/2024,,ATM WDL/6914/INDIRANAGAR 809027043820,,,809027043820,,1250.0,0.0,1772922.28,debit,State Bank of India,00000040552115380_001145,,False
00000040552115380,RAVI KUMAR,SBIN0965900,23/10/2024,,BY TRANSFER-INB IMPS660181930144/5425618660/XX8413/Remitly Tr- MAC2448682546,,,660181930144,,0.0,850.0,1773772.28,credit,State Bank of India,00000040552115380_001146,,False
00000040552115380,RAVI KUMAR,SBIN0965900,23/10/2024,,TO CLEARING-CIT IOCL 141278 956265011025,,,956265011025,,1680.0,0.0,1772092.28,debit,State Bank of India,00000040552115380_001147,,False
00000040552115380,RAVI KUMAR,SBIN0965900,24/10/2024,,ATM WDL/0407/WHITEFIELD 494084501498,,,494084501498,,1250.0,0.0,1770842.28,debit,State Bank of India,00000040552115380_001148,,False
00000040552115380,RAVI KUMAR,SBIN0965900,24/10/2024,,ATM WDL/3451/PUNE 134577490607,,,134577490607,,249.0,0.0,1770593.28,debit,State Bank of India,00000040552115380_001149,,False
00000040552115380,RAVI KUMAR,SBIN0965900,27/10/2024,,TO CLEARING-CIT JIO 044740 223032331791,,,223032331791,,449.0,0.0,1770144.28,debit,State Bank of India,00000040552115380_001150,,False
00000040552115380,RAVI KUMAR,SBIN0965900,27/10/2024,,TO CLEARING-CIT DMART 522418 259620183275,,,259620183275,,699.0,0.0,1769445.28,debit,State Bank of India,00000040552115380_001151,,False
00000040552115380,RAVI KUMAR,SBIN0965900,27/10/2024,,BY TRANSFER-INB IMPS651408104894/6185383563/XX8169/Remitly Tr- MAC1008756411,,,651408104894,,0.0,4800.0,1774245.28,credit,State Bank of India,00000040552115380_001152,,False
00000040552115380,RAVI KUMAR,SBIN0965900,28/10/2024,,TO TRANSFER-UPI/262414014670/kavyareddy332@okaxis 262414014670,,,262414014670,,2380.0,0.0,1771865.28,debit,State Bank of India,00000040552115380_001153,,False
00000040552115380,RAVI KUMAR,SBIN0965900,28/10/2024,,TO TRANSFER-UPI/569320676259/vinaypatil425@oksbi 569320676259,,,569320676259,,79.0,0.0,1771786.28,debit,State Bank of India,00000040552115380_001154,,False
00000040552115380,RAVI KUMAR,SBIN0965900,28/10/2024,,TO TRANSFER-UPI/330537891361/ayeshakhan723@okhdfcbank 330537891361,,,330537891361,,2380.0,0.0,1769406.28,debit,State Bank of India,00000040552115380_001155,,False
00000040552115380,RAVI KUMAR,SBIN0965900,28/10/2024,,TO TRANSFER-UPI/563339209840/meerapilla709@paytm 563339209840,,,563339209840,,3499.0,0.0,1765907.28,debit,State Bank of India,00000040552115380_001156,,False
00000040552115380,RAVI KUMAR,SBIN0965900,29/10/2024,,TO CLEARING-CIT BOOKMYSHOW 843004 104011853831,,,104011853831,,7800.0,0.0,1758107.28,debit,State Bank of India,00000040552115380_001157,,False
00000040552115380,RAVI KUMAR,SBIN0965900,30/10/2024,,ATM WDL/9662/BANJARA HILLS 814230669817,,,814230669817,,1250.0,0.0,1756857.28,debit,State Bank of India,00000040552115380_001158,,False
00000040552115380,RAVI KUMAR,SBIN0965900,01/11/2024,,POS/6743/RELIANCE FRESH/HYDERABAD 837139240692,,,837139240692,,79.0,0.0,1756778.28,debit,State Bank of India,00000040552115380_001159,,False
00000040552115380,RAVI KUMAR,SBIN0965900,01/11/2024,,POS/1567/UBER/JAYANAGAR 404915391700,,,404915391700,,699.0,0.0,1756079.28,debit,State Bank of India,00000040552115380_001160,,False
00000040552115380,RAVI KUMAR,SBIN0965900,02/11/2024,,BY TRANSFER-INB IMPS526020011663/4553607483/XX4157/Remitly Tr- MAC1895775525,,,526020011663,,0.0,24000.0,1780079.28,credit,State Bank of India,00000040552115380_001161,,False
00000040552115380,RAVI KUMAR,SBIN0965900,02/11/2024,,ATM WDL/5797/SECUNDERABAD 268237022099,,,268237022099,,3499.0,0.0,1776580.28,debit,State Bank of India,00000040552115380_001162,,False
00000040552115380,RAVI KUMAR,SBIN0965900,02/11/2024,,TO CLEARING-CIT ZOMATO 285222 205920476244,,,205920476244,,1250.0,0.0,1775330.28,debit,State Bank of India,00000040552115380_001163,,False
00000040552115380,RAVI KUMAR,SBIN0965900,03/11/2024,,BY TRANSFER-INB IMPS261604222464/9136918418/XX3607/Remitly Tr- MAC5834180730,,,261604222464,,0.0,500.0,1775830.28,credit,State Bank of India,00000040552115380_001164,,False
00000040552115380,RAVI KUMAR,SBIN0965900,03/11/2024,,BY TRANSFER-1395335767584 SALARY RAVI KUMAR 395249821230,,,1395335767584,,0.0,45500.0,1821330.28,credit,State Bank of India,00000040552115380_001165,,False
00000040552115380,RAVI KUMAR,SBIN0965900,04/11/2024,,TO CLEARING-CIT IOCL 948203 032291263214,,,032291263214,,850.0,0.0,1820480.28,debit,State Bank of India,00000040552115380_001166,,False
00000040552115380,RAVI KUMAR,SBIN0965900,04/11/2024,,POS/4492/OLA/KUKATPALLY 718497455258,,,718497455258,,7800.0,0.0,1812680.28,debit,State Bank of India,00000040552115380_001167,,False
00000040552115380,RAVI KUMAR,SBIN0965900,05/11/2024,,NEFT DR-HDFC0183309-MEERA PILLAI-536062465851-RENT 103250728935,,,536062465851,,31000.0,0.0,1781680.28,debit,State Bank of India,00000040552115380_001168,,False
00000040552115380,RAVI KUMAR,SBIN0965900,06/11/2024,,TO CLEARING-CIT DMART 345244 137423411778,,,137423411778,,79.0,0.0,1781601.28,debit,State Bank of India,00000040552115380_001169,,False
00000040552115380,RAVI KUMAR,SBIN0965900,07/11/2024,,TO CLEARING-CIT PVR CINEMAS 128555 742292264286,,,742292264286,,850.0,0.0,1780751.28,debit,State Bank of India,00000040552115380_001170,,False
00000040552115380,RAVI KUMAR,SBIN0965900,08/11/2024,,TO TRANSFER-UPI/069024149949/harishmeno914@okhdfcbank 069024149949,,,069024149949,,699.0,0.0,1780052.28,debit,State Bank of India,00000040552115380_001171,,False
00000040552115380,RAVI KUMAR,SBIN0965900,10/11/2024,,POS/2486/HPCL/MYSURU 980084727670,,,980084727670,,3499.0,0.0,1776553.28,debit,State Bank of India,00000040552115380_001172,,False
00000040552115380,RAVI KUMAR,SBIN0965900,11/11/2024,,ATM WDL/3410/KUKATPALLY 392308002106,,,392308002106,,49.0,0.0,1776504.28,debit,State Bank of India,00000040552115380_001173,,False
00000040552115380,RAVI KUMAR,SBIN0965900,11/11/2024,,ATM WDL/0351/MARATHAHALLI 946837375001,,,946837375001,,120.0,0.0,1776384.28,debit,State Bank of India,00000040552115380_001174,,False
00000040552115380,RAVI KUMAR,SBIN0965900,11/11/2024,,ATM WDL/6359/JAYANAGAR 281864008805,,,281864008805,,1680.0,0.0,1774704.28,debit,State Bank of India,00000040552115380_001175,,False
00000040552115380,RAVI KUMAR,SBIN0965900,11/11/2024,,TO CLEARING-CIT AMAZON 835841 468343349707,,,468343349707,,310.0,0.0,1774394.28,debit,State Bank of India,00000040552115380_001176,,False
00000040552115380,RAVI KUMAR,SBIN0965900,11/11/2024,,BY TRANSFER-INB IMPS061787183804/3913065015/XX2516/Remitly Tr- MAC2340948076,,,061787183804,,0.0,24000.0,1798394.28,credit,State Bank of India,00000040552115380_001177,,False
00000040552115380,RAVI KUMAR,SBIN0965900,11/11/2024,,ATM WDL/4443/MARATHAHALLI 255637957285,,,255637957285,,1680.0,0.0,1796714.28,debit,State Bank of India,00000040552115380_001178,,False
00000040552115380,RAVI KUMAR,SBIN0965900,12/11/2024,,BY TRANSFER-INB IMPS360152907127/3499090039/XX2247/Remitly Tr- MAC8671189898,,,360152907127,,0.0,1200.0,1797914.28,credit,State Bank of India,00000040552115380_001179,,False
00000040552115380,RAVI KUMAR,SBIN0965900,12/11/2024,,TO CLEARING-CIT FLIPKART 280550 065619935610,,,065619935610,,249.0,0.0,1797665.28,debit,State Bank of India,00000040552115380_001180,,False
00000040552115380,RAVI KUMAR,SBIN0965900,15/11/2024,,BY TRANSFER-INB IMPS225739623143/9815755757/XX2730/Remitly Tr- MAC7598484833,,,225739623143,,0.0,11200.0,1808865.28,credit,State Bank of India,00000040552115380_001181,,False
00000040552115380,RAVI KUMAR,SBIN0965900,15/11/2024,,BY TRANSFER-INB IMPS757274538220/4983218085/XX4332/Remitly Tr- MAC0446686892,,,757274538220,,0.0,4800.0,1813665.28,credit,State Bank of India,00000040552115380_001182,,False
00000040552115380,RAVI KUMAR,SBIN0965900,15/11/2024,,BY TRANSFER-INB IMPS576606251101/8396294488/XX4278/Remitly Tr- MAC6269445854,,,576606251101,,0.0,850.0,1814515.28,credit,State Bank of India,00000040552115380_001183,,False
00000040552115380,RAVI KUMAR,SBIN0965900,15/11/2024,,ATM WDL/2783/MARATHAHALLI 062589508477,,,062589508477,,449.0,0.0,1814066.28,debit,State Bank of India,00000040552115380_001184,,False
00000040552115380,RAVI KUMAR,SBIN0965900,16/11/2024,,ATM WDL/1447/MARATHAHALLI 607338755835,,,607338755835,,5200.0,0.0,1808866.28,debit,State Bank of India,00000040552115380_001185,,False
00000040552115380,RAVI KUMAR,SBIN0965900,16/11/2024,,BY TRANSFER-INB IMPS724720972338/1260044388/XX0951/Remitly Tr- MAC1042226139,,,724720972338,,0.0,4800.0,1813666.28,credit,State Bank of India,00000040552115380_001186,,False
00000040552115380,RAVI KUMAR,SBIN0965900,16/11/2024,,ATM WDL/9062/INDIRANAGAR 403711274213,,,403711274213,,249.0,0.0,1813417.28,debit,State Bank of India,00000040552115380_001187,,False
00000040552115380,RAVI KUMAR,SBIN0965900,17/11/2024,,TO CLEARING-CIT MEDPLUS 951007 480321087010,,,480321087010,,1250.0,0.0,1812167.28,debit,State Bank of India,00000040552115380_001188,,False
00000040552115380,RAVI KUMAR,SBIN0965900,17/11/2024,,ATM WDL/6777/JAYANAGAR 596101463060,,,596101463060,,850.0,0.0,1811317.28,debit,State Bank of India,00000040552115380_001189,,False
00000040552115380,RAVI KUMAR,SBIN0965900,18/11/2024,,BY TRANSFER-INB IMPS513453696725/4076177884/XX2085/Remitly Tr- MAC2703878816,,,513453696725,,0.0,24000.0,1835317.28,credit,State Bank of India,00000040552115380_001190,,False
00000040552115380,RAVI KUMAR,SBIN0965900,19/11/2024,,TO TRANSFER-UPI/271682209481/farhankhan692@okhdfcbank 271682209481,,,271682209481,,999.0,0.0,1834318.28,debit,State Bank of India,00000040552115380_001191,,False
00000040552115380,RAVI KUMAR,SBIN0965900,19/11/2024,,POS/1301/AMAZON/WHITEFIELD 342777239389,,,342777239389,,1250.0,0.0,1833068.28,debit,State Bank of India,00000040552115380_001192,,False
00000040552115380,RAVI KUMAR,SBIN0965900,21/11/2024,,BY TRANSFER-INB IMPS699962384627/7703372608/XX1689/Remitly Tr- MAC8211963256,,,699962384627,,0.0,850.0,1833918.28,credit,State Bank of India,00000040552115380_001193,,False
00000040552115380,RAVI KUMAR,SBIN0965900,22/11/2024,,BY TRANSFER-INB IMPS396263947872/5178513829/XX4274/Remitly Tr- MAC4778903002,,,396263947872,,0.0,24000.0,1857918.28,credit,State Bank of India,00000040552115380_001194,,False
00000040552115380,RAVI KUMAR,SBIN0965900,22/11/2024,,POS/8693/IOCL/MARATHAHALLI 699388596348,,,699388596348,,1250.0,0.0,1856668.28,debit,State Bank of India,00000040552115380_001195,,False
00000040552115380,RAVI KUMAR,SBIN0965900,22/11/2024,,TO TRANSFER-UPI/981849783852/meerapilla107@paytm 981849783852,,,981849783852,,3499.0,0.0,1853169.28,debit,State Bank of India,00000040552115380_001196,,False
00000040552115380,RAVI KUMAR,SBIN0965900,22/11/2024,,BY TRANSFER-INB IMPS168215957978/9486636110/XX9270/Remitly Tr- MAC9362318513,,,168215957978,,0.0,1200.0,1854369.28,credit,State Bank of India,00000040552115380_001197,,False
00000040552115380,RAVI KUMAR,SBIN0965900,23/11/2024,,POS/1289/AMAZON/MARATHAHALLI 064385190797,,,064385190797,,850.0,0.0,1853519.28,debit,State Bank of India,00000040552115380_001198,,False
00000040552115380,RAVI KUMAR,SBIN0965900,24/11/2024,,POS/2149/SWIGGY/MARATHAHALLI 918762532552,,,918762532552,,310.0,0.0,1853209.28,debit,State Bank of India,00000040552115380_001199,,False
00000040552115380,RAVI KUMAR,SBIN0965900,24/11/2024,,POS/4018/BOOKMYSHOW/MANGALURU 485576387850,,,485576387850,,249.0,0.0,1852960.28,debit,State Bank of India,00000040552115380_001200,,False
00000040552115380,RAVI KUMAR,SBIN0965900,24/11/2024,,TO CLEARING-CIT RELIANCE FRESH 036326 340621779016,,,340621779016,,249.0,0.0,1852711.28,debit,State Bank of India,00000040552115380_001201,,False
00000040552115380,RAVI KUMAR,SBIN0965900,25/11/2024,,TO TRANSFER-UPI/706660877398/poojasharm843@okaxis 706660877398,,,706660877398,,249.0,0.0,1852462.28,debit,State Bank of India,00000040552115380_001202,,False
00000040552115380,RAVI KUMAR,SBIN0965900,26/11/2024,,POS/2012/RELIANCE FRESH/HSR LAYOUT 894241095058,,,894241095058,,310.0,0.0,1852152.28,debit,State Bank of India,00000040552115380_001203,,False
00000040552115380,RAVI KUMAR,SBIN0965900,26/11/2024,,TO CLEARING-CIT PVR CINEMAS 393947 379545334830,,,379545334830,,999.0,0.0,1851153.28,debit,State Bank of India,00000040552115380_001204,,False
00000040552115380,RAVI KUMAR,SBIN0965900,28/11/2024,,BY TRANSFER-INB IMPS807478330854/4579787306/XX2550/Remitly Tr- MAC5184208643,,,807478330854,,0.0,1200.0,1852353.28,credit,State Bank of India,00000040552115380_001205,,False
00000040552115380,RAVI KUMAR,SBIN0965900,28/11/2024,,POS/9814/ZOMATO/SECUNDERABAD 242887185365,,,242887185365,,3499.0,0.0,1848854.28,debit,State Bank of India,00000040552115380_001206,,False
00000040552115380,RAVI KUMAR,SBIN0965900,28/11/2024,,TO TRANSFER-UPI/123675937003/priyanair478@ybl 123675937003,,,123675937003,,5200.0,0.0,1843654.28,debit,State Bank of India,00000040552115380_001207,,False
00000040552115380,RAVI KUMAR,SBIN0965900,28/11/2024,,POS/3895/BOOKMYSHOW/SECUNDERABAD 772809445074,,,772809445074,,79.0,0.0,1843575.28,debit,State Bank of India,00000040552115380_001208,,False
00000040552115380,RAVI KUMAR,SBIN0965900,29/11/2024,,TO CLEARING-CIT OLA 941992 776804693709,,,776804693709,,120.0,0.0,1843455.28,debit,State Bank of India,00000040552115380_001209,,False
00000040552115380,RAVI KUMAR,SBIN0965900,29/11/2024,,TO CLEARING-CIT SWIGGY 035369 132889018159,,,132889018159,,49.0,0.0,1843406.28,debit,State Bank of India,00000040552115380_001210,,False
00000040552115380,RAVI KUMAR,SBIN0965900,30/11/2024,,TO CLEARING-CIT PVR CINEMAS 215506 506872593845,,,506872593845,,850.0,0.0,1842556.28,debit,State Bank of India,00000040552115380_001211,,False
00000040552115380,RAVI KUMAR,SBIN0965900,30/11/2024,,TO TRANSFER-UPI/981539490676/sunilshett783@paytm 981539490676,,,981539490676,,310.0,0.0,1842246.28,debit,State Bank of India,00000040552115380_001212,,False
00000040552115380,RAVI KUMAR,SBIN0965900,30/11/2024,,POS/5484/FLIPKART/JAYANAGAR 418069256204,,,418069256204,,120.0,0.0,1842126.28,debit,State Bank of India,00000040552115380_001213,,False
